99
6 2 0 2 0 2 0
3 1 0 2 0 0 0
355 171 0 56 0 128 0
557 159 0 221 0 177 0
636 221 0 236 0 179 0
631 302 0 208 0 121 0
345 35 0 151 0 159 0
979 486 0 32 0 461 0
972 227 0 351 0 394 0
309 93 0 77 0 139 0
815 309 0 230 0 276 0
6 3 0 1 0 2 0
118 22 0 55 0 41 0
135 53 0 28 0 54 0
584 246 0 83 0 255 0
6 3 0 3 0 0 0
551 226 0 74 0 251 0
4 2 0 1 0 1 0
596 248 0 54 0 294 0
706 12 0 346 0 348 0
781 157 0 368 0 256 0
133 127 0 0 0 6 0
73 18 0 20 0 35 0
204 98 0 27 0 79 0
32 3 0 14 0 15 0
796 140 0 306 0 350 0
59 9 0 22 0 28 0
4 1 0 1 0 2 0
1000 499 0 500 0 1 0
242 95 0 26 0 121 0
7 2 0 2 0 3 0
1000 0 0 499 0 501 0
3 1 0 1 0 1 0
4 1 0 2 0 1 0
4 3 0 1 0 0 0
661 213 0 211 0 237 0
3 0 0 3 0 0 0
753 264 0 304 0 185 0
1000 333 0 333 0 334 0
589 293 0 232 0 64 0
182 20 0 143 0 19 0
682 68 0 309 0 305 0
761 140 0 287 0 334 0
884 215 0 355 0 314 0
532 222 0 237 0 73 0
539 74 0 395 0 70 0
244 116 0 31 0 97 0
909 226 0 311 0 372 0
4 2 0 0 0 2 0
3 2 0 0 0 1 0
174 85 0 81 0 8 0
967 285 0 391 0 291 0
753 177 0 145 0 431 0
999 499 0 500 0 0 0
944 390 0 127 0 427 0
859 108 0 189 0 562 0
64 27 0 12 0 25 0
710 276 0 103 0 331 0
129 61 0 60 0 8 0
80 30 0 24 0 26 0
1000 500 0 0 0 500 0
291 52 0 113 0 126 0
5 2 0 3 0 0 0
197 58 0 89 0 50 0
306 21 0 241 0 44 0
771 600 0 137 0 34 0
380 36 0 141 0 203 0
172 80 0 11 0 81 0
4 2 0 2 0 0 0
311 116 0 139 0 56 0
949 23 0 681 0 245 0
999 333 0 333 0 333 0
815 359 0 323 0 133 0
752 198 0 354 0 200 0
864 443 0 237 0 184 0
999 1 0 499 0 499 0
974 209 0 437 0 328 0
1000 250 0 250 0 500 0
715 191 0 265 0 259 0
5 1 0 2 0 2 0
393 44 0 195 0 154 0
680 232 0 181 0 267 0
471 140 0 188 0 143 0
883 168 0 438 0 277 0
384 180 0 97 0 107 0
865 368 0 141 0 356 0
834 333 0 287 0 214 0
5 1 0 1 0 3 0
739 173 0 197 0 369 0
128 41 0 37 0 50 0
144 48 0 31 0 65 0
999 500 0 249 0 250 0
94 35 0 14 0 45 0
619 276 0 306 0 37 0
289 101 0 66 0 122 0
376 186 0 157 0 33 0
494 131 0 212 0 151 0
873 166 0 367 0 340 0
999 250 0 250 0 499 0
