100
6 2 0 2 0 2 0
3 1 0 2 0 0 0
6 2 0 1 1 2 0
4 0 0 2 0 0 2
1000 250 0 500 0 250 0
914 199 233 26 198 234 24
998 0 249 250 0 250 249
771 10 286 88 10 289 88
4 2 0 1 1 0 0
107 15 14 26 12 16 24
230 18 0 100 15 0 97
996 250 0 250 248 0 248
7 2 1 2 0 2 0
999 167 166 167 166 167 166
999 500 0 0 499 0 0
4 2 0 0 1 0 1
302 7 16 129 6 16 128
3 2 0 0 1 0 0
5 2 0 2 1 0 0
4 0 2 0 0 2 0
1000 0 0 499 0 501 0
13 3 2 3 1 3 1
9 3 1 2 0 2 1
999 1 0 499 0 499 0
999 250 0 499 0 250 0
6 2 1 1 0 2 0
1000 333 0 333 0 334 0
761 177 11 193 175 13 192
587 285 2 7 284 4 5
697 67 268 15 64 268 15
999 500 0 499 0 0 0
999 250 0 500 0 249 0
378 48 59 84 46 60 81
629 41 247 29 38 248 26
7 3 1 0 1 2 0
378 36 0 7 0 335 0
4 1 0 2 0 1 0
12 3 1 3 1 3 1
5 0 2 0 0 3 0
795 70 139 190 69 140 187
4 2 0 1 0 1 0
427 220 0 138 0 69 0
4 0 0 3 0 0 1
6 0 0 2 0 3 1
667 126 80 128 123 83 127
8 2 1 2 1 1 1
5 1 0 2 0 1 1
3 1 0 1 0 1 0
7 2 1 0 1 2 1
1000 499 0 1 0 500 0
14 3 2 3 2 3 1
787 3 323 68 2 323 68
5 3 0 0 0 2 0
981 283 0 340 0 358 0
999 0 0 499 0 0 500
3 3 0 0 0 0 0
8 2 1 2 0 2 1
470 37 194 4 37 197 1
998 167 166 166 166 167 166
7 0 1 2 1 2 1
130 14 18 34 12 19 33
6 3 0 0 0 3 0
951 265 0 354 0 332 0
999 332 1 332 1 332 1
7 3 0 2 0 2 0
999 333 0 333 0 333 0
1000 500 0 0 500 0 0
997 3 248 249 0 249 248
7 2 1 2 1 0 1
4 2 0 0 0 2 0
1000 250 0 250 249 2 249
16 3 3 3 2 3 2
1000 0 0 500 0 500 0
517 225 12 22 223 14 21
882 108 106 229 106 106 227
5 1 0 3 0 1 0
15 3 2 3 2 3 2
295 47 43 57 47 44 57
4 1 0 1 0 2 0
6 3 0 2 0 1 0
842 60 342 19 60 345 16
8 1 1 2 1 2 1
746 3 99 273 0 100 271
3 1 0 0 2 0 0
7 2 0 2 1 1 1
7 2 1 0 2 2 0
6 0 1 2 0 2 1
892 4 19 424 2 21 422
160 56 19 6 53 21 5
999 250 0 250 249 1 249
558 107 0 163 0 288 0
5 2 0 0 2 1 0
243 32 76 15 29 78 13
232 76 36 5 73 39 3
8 2 1 1 1 2 1
4 0 0 3 0 1 0
5 1 1 0 1 2 0
855 344 0 253 0 258 0
603 121 134 46 121 137 44
7 1 0 2 0 3 1
