100
1 1
540 600
840 900
2 0
900 1260
180 540
1 1
1439 1440
0 1
2 2
0 1
1439 1440
1438 1439
1 2
3 4
0 10
1420 1440
90 100
550 600
900 950
100 150
1050 1400
48 59
1248 1251
715 726
228 238
95 96
1429 1432
1346 1347
11 22
893 895
665 666
208 220
1406 1420
895 896
597 598
936 939
138 144
799 804
925 936
654 656
226 228
628 633
344 345
730 731
1052 1060
1228 1230
1300 1302
62 69
327 337
939 941
1264 1278
1347 1351
910 921
1335 1343
160 162
1061 1062
1011 1015
1093 1110
220 224
1308 1309
96 105
836 841
267 273
1317 1330
846 852
1176 1183
1120 1135
1111 1114
888 889
679 683
972 974
305 308
683 684
670 671
1402 1406
656 661
1018 1025
337 341
1221 1223
787 796
969 972
238 248
1351 1357
746 757
166 172
1083 1093
176 178
486 491
540 545
532 537
26 33
1045 1052
870 878
759 763
1002 1008
1306 1307
1115 1120
372 373
1251 1252
205 208
51 53
897 899
796 799
341 343
829 836
1212 1220
508 511
1015 1018
1295 1300
1390 1397
1343 1346
941 944
763 767
899 902
295 299
661 665
203 205
154 160
1114 1115
557 558
619 625
684 689
185 202
132 138
90 92
1183 1190
105 116
432 441
1069 1071
44 66
1045 1050
660 662
302 304
1432 1433
403 407
1193 1194
314 315
615 616
259 262
1265 1266
1149 1150
1093 1100
341 345
807 820
1288 1296
973 979
1160 1182
616 622
474 475
162 178
417 418
21 23
1185 1191
335 336
407 411
418 421
1353 1355
915 938
999 1000
951 962
1420 1431
476 477
1403 1404
1394 1403
101 102
1009 1011
547 563
884 885
1112 1118
117 125
539 541
1383 1384
638 641
528 535
315 335
1384 1387
76 95
604 609
1254 1265
828 839
234 240
525 528
401 403
1358 1360
62 70
484 485
886 896
450 461
1076 1087
981 989
421 437
734 736
1091 1093
178 186
512 514
1355 1356
588 599
262 263
780 801
885 886
679 681
678 679
905 906
710 718
1233 1243
305 312
801 807
312 314
1228 1230
1191 1193
946 951
898 905
1011 1019
1390 1393
413 414
681 683
132 134
873 884
386 390
820 824
826 828
194 199
1123 1128
544 546
138 151
155 156
775 777
1408 1417
677 678
1393 1394
941 946
464 467
95 101
1129 1145
414 417
720 724
571 582
1194 1201
73 76
151 155
1 1
0 1
1439 1440
48 75
1347 1357
578 582
669 677
117 118
868 872
677 678
1012 1021
370 373
773 775
1291 1292
878 883
1402 1403
1135 1141
525 534
1393 1402
272 275
75 87
614 618
1127 1129
1085 1088
554 565
1334 1336
1270 1273
277 286
1292 1307
821 823
1361 1371
286 287
684 685
514 518
968 972
113 114
1077 1081
823 826
1159 1160
1429 1430
864 866
907 908
389 392
1200 1207
1285 1287
69 72
435 436
266 272
518 519
1280 1285
600 601
361 363
852 854
205 206
1081 1085
1411 1413
1114 1127
644 652
1419 1420
1360 1361
1340 1343
567 573
1234 1254
1392 1393
174 183
1039 1043
1104 1109
1103 1104
706 708
519 525
1425 1426
1345 1347
738 739
341 353
628 629
1160 1161
1183 1185
416 418
158 160
942 943
548 549
1181 1183
1141 1153
110 111
913 914
30 31
775 777
1156 1157
899 903
799 804
549 552
183 185
337 341
246 247
605 606
1043 1045
1088 1095
436 439
121 123
534 546
818 821
934 937
1277 1280
694 701
332 337
123 124
606 612
988 994
1384 1387
739 748
239 246
206 208
1208 1210
8 13
210 220
1389 1390
471 473
918 934
193 199
1273 1277
565 567
701 706
583 600
1387 1389
685 692
1415 1417
13 16
36 82
749 762
402 409
1083 1094
630 635
1229 1231
473 475
287 290
762 775
1278 1285
859 885
1076 1077
393 401
1408 1420
1376 1377
729 730
144 153
906 909
1285 1289
985 1005
935 938
360 362
273 281
135 141
526 553
590 592
290 298
1439 1440
1194 1208
121 128
241 244
412 414
270 273
1331 1335
445 455
1322 1331
635 638
21 23
13 19
1145 1146
134 135
1360 1361
730 734
477 486
1190 1194
788 793
702 703
921 928
943 945
353 356
108 112
475 477
384 393
1223 1228
891 892
689 702
1231 1240
1113 1138
1020 1024
1336 1338
820 824
727 729
1006 1012
508 518
809 815
638 644
303 319
889 890
213 214
1155 1168
1438 1439
35 45
1335 1336
928 935
648 662
1024 1033
1353 1357
1187 1190
338 348
362 363
469 473
579 584
327 330
1079 1083
31 35
1175 1187
490 508
364 372
218 219
409 412
563 568
185 187
1262 1274
49 54
205 211
980 982
1168 1169
464 469
522 526
518 522
890 891
745 746
703 705
112 121
1305 1321
1338 1346
1146 1147
401 402
679 689
1094 1096
1346 1353
350 351
455 464
1045 1059
174 185
55 84
1228 1229
644 648
584 589
66 59
1086 1093
1438 1439
329 339
438 443
1116 1117
979 982
434 436
1085 1086
1256 1266
181 185
185 194
768 774
913 927
904 905
672 678
753 756
328 329
1049 1050
503 508
928 930
836 843
899 900
1287 1294
1093 1111
589 591
551 555
643 649
14 16
217 218
259 261
221 223
949 951
729 738
1439 1440
752 753
1384 1396
886 887
251 259
16 20
1330 1332
907 911
355 356
1355 1357
953 955
844 851
290 291
477 480
367 394
247 251
1084 1085
955 956
236 242
607 610
162 164
412 413
1354 1355
870 879
1207 1214
37 39
765 768
39 43
631 636
280 288
936 938
720 729
306 308
137 140
1425 1426
101 106
1271 1273
1044 1049
356 367
109 111
1167 1169
857 860
394 397
202 203
779 781
1033 1044
764 765
1111 1116
1364 1369
136 137
756 764
311 312
1063 1082
638 639
555 556
142 155
224 234
879 886
480 483
1422 1425
436 438
863 870
1295 1296
1127 1129
397 407
1369 1374
1027 1030
1133 1140
1205 1207
595 607
1278 1283
1023 1027
473 477
787 797
196 202
407 412
443 453
583 589
905 906
610 612
1202 1205
203 217
489 491
678 680
636 638
580 582
1183 1184
298 299
1030 1033
31 34
1221 1224
843 844
22 13
690 704
853 864
126 153
55 64
1022 1033
478 482
433 435
639 646
1109 1147
50 55
646 672
1384 1388
595 603
943 992
623 639
739 754
1213 1235
704 711
482 501
33 41
177 195
1388 1423
941 943
848 853
573 575
1423 1440
1034 1036
754 759
992 1017
1017 1022
197 201
64 72
283 286
201 214
1295 1297
81 51
380 387
1286 1293
688 694
1079 1084
370 375
733 769
548 552
1163 1164
387 389
1295 1302
127 141
289 295
3 4
659 671
20 23
973 994
470 471
1250 1264
203 206
1167 1168
514 518
885 887
1370 1401
1084 1090
103 122
339 343
307 314
1134 1137
89 103
928 931
1239 1250
469 470
769 771
955 958
656 659
1042 1044
846 861
1323 1328
1168 1180
518 543
434 447
1405 1410
1005 1036
122 126
724 733
1335 1341
429 432
962 966
2 3
23 32
471 474
314 320
1302 1309
265 275
1044 1053
650 656
1309 1314
1410 1416
463 464
1271 1283
1217 1239
960 962
1 2
236 247
556 563
330 336
196 203
1123 1132
466 469
1162 1163
40 44
406 417
349 359
863 885
417 429
563 566
295 307
671 672
771 794
545 547
1283 1284
1180 1186
1059 1062
609 630
320 321
586 604
1116 1118
1164 1167
1314 1315
547 548
474 479
375 380
11 16
141 155
76 83
168 174
1341 1349
585 586
1062 1076
459 463
359 367
206 220
1264 1271
1352 1356
1137 1154
126 127
4 11
1317 1323
1036 1042
447 459
36 40
672 688
402 406
1418 1425
321 324
486 497
83 89
44 55
257 265
1000 1005
1349 1352
966 973
887 928
1053 1059
55 60
994 1000
1201 1217
1090 1116
1154 1161
566 585
174 196
501 514
20 58
389 394
704 706
539 543
1053 1055
615 632
890 891
1131 1134
505 511
335 337
251 253
511 515
696 697
925 931
474 477
951 956
903 907
1185 1197
468 470
159 160
394 398
956 963
400 403
457 468
1242 1243
232 233
1166 1168
1134 1146
1430 1440
7 28
595 598
130 133
470 471
1120 1122
1297 1306
90 102
1104 1119
895 900
529 539
590 595
106 111
403 413
1089 1094
184 187
75 79
793 794
426 429
1271 1272
133 140
845 851
909 922
907 909
657 665
327 334
357 358
1383 1394
812 816
253 257
278 290
515 516
1055 1064
1274 1277
698 702
644 646
1080 1081
1219 1221
1146 1152
1221 1240
764 773
1164 1166
441 442
855 856
570 572
198 200
187 198
1067 1069
940 949
160 179
1265 1271
91 86
294 297
1059 1062
374 378
781 786
729 732
217 220
698 701
951 959
1391 1396
652 655
1331 1333
1316 1318
733 735
711 714
430 433
865 874
1247 1251
1035 1041
352 371
55 62
222 228
381 385
115 120
1128 1137
80 90
710 711
1075 1080
829 835
615 626
1024 1034
1411 1419
690 695
1096 1108
419 420
378 380
62 63
964 965
776 781
924 928
1294 1295
935 948
300 306
563 569
651 652
1309 1313
576 601
289 294
212 214
1112 1120
396 407
1041 1042
1326 1328
1062 1063
1251 1257
332 337
371 374
1120 1123
411 415
825 826
826 829
913 916
120 122
472 481
1410 1411
811 822
483 495
91 95
774 776
160 168
1145 1152
773 774
137 140
519 551
990 998
248 256
122 125
203 206
877 882
1242 1247
168 169
125 131
882 884
890 905
297 300
77 79
1322 1326
324 329
1126 1128
1080 1081
854 858
1292 1294
1204 1207
1054 1059
788 789
79 80
38 46
1108 1112
338 352
682 686
735 736
1152 1162
1211 1219
1172 1175
481 483
1436 1440
258 264
1351 1353
874 877
905 909
1196 1203
736 747
606 615
1401 1402
154 160
433 435
1010 1013
306 324
1333 1334
1013 1022
228 235
562 563
948 949
808 811
460 465
1081 1095
97 115
559 562
1162 1172
673 674
626 650
71 77
751 754
916 917
1396 1401
703 704
1257 1259
747 751
998 1010
674 676
456 460
6 15
887 890
63 71
1320 1322
420 430
754 773
1034 1035
256 258
714 721
1185 1196
1239 1242
200 203
1273 1279
1051 1054
514 518
1296 1309
601 606
949 951
822 825
1229 1239
970 977
407 408
1095 1096
1063 1075
1402 1410
214 217
1268 1273
272 283
1349 1351
727 729
551 559
1123 1126
835 840
704 708
283 286
220 222
95 97
100 100
810 811
825 833
201 202
1005 1011
1172 1175
634 635
707 711
1365 1372
962 964
627 634
921 924
720 725
1321 1324
533 535
566 567
951 952
730 731
811 822
1281 1284
385 387
356 368
1192 1197
1304 1311
503 523
422 425
838 842
728 730
913 914
853 861
573 584
732 735
1137 1138
1024 1034
1162 1172
1319 1321
1217 1226
848 852
1197 1201
190 191
690 698
914 920
1383 1385
224 233
1264 1274
604 608
861 875
189 190
1349 1365
1204 1209
140 141
991 993
42 45
306 311
311 316
495 502
45 56
30 32
1060 1065
402 405
594 597
130 132
199 201
764 774
1066 1070
833 837
785 795
1209 1211
837 838
58 65
524 526
640 647
16 18
56 58
112 122
1214 1217
1234 1246
1189 1192
927 936
1300 1304
202 212
122 128
160 166
1274 1277
1113 1114
1001 1005
1330 1337
5 14
698 701
601 604
977 979
878 887
141 152
608 609
996 997
240 246
1337 1339
584 589
329 330
637 640
156 160
847 848
1150 1151
486 495
1228 1233
1339 1344
982 991
901 908
431 433
1138 1139
763 764
652 653
949 951
77 84
381 384
875 876
397 402
1289 1290
784 785
387 390
425 431
1015 1016
107 112
282 283
420 422
567 571
70 71
349 356
843 847
179 183
571 573
842 843
1324 1325
876 878
191 195
926 927
892 895
1233 1234
390 394
795 797
887 892
535 566
727 728
1277 1281
1311 1313
128 130
666 679
530 533
187 189
801 802
1044 1050
1294 1297
1247 1263
1413 1440
715 720
277 282
213 215
384 385
195 199
1293 1294
1201 1202
1411 1413
1054 1057
1345 1346
103 107
797 801
32 33
265 274
774 777
18 19
1143 1145
589 594
438 443
635 637
326 329
303 306
1263 1264
462 477
711 715
1040 1044
725 727
526 527
955 962
166 179
454 460
460 462
1385 1394
660 666
260 265
753 757
1404 1405
233 240
302 303
183 187
443 450
735 753
29 30
394 397
936 944
944 949
1011 1015
84 98
791 797
815 817
696 703
231 239
738 745
363 365
437 441
487 491
1315 1320
912 913
239 244
745 751
1220 1224
1209 1211
211 220
409 410
759 760
1203 1209
579 583
1287 1288
1169 1177
415 418
122 126
1369 1370
934 939
679 681
1263 1267
143 146
1115 1117
1166 1168
1296 1300
345 349
1214 1220
640 642
407 409
245 247
752 753
353 357
201 211
258 260
734 738
418 423
1050 1052
729 732
1080 1081
1081 1086
829 830
921 924
624 627
642 653
539 547
1350 1352
272 274
225 227
614 617
703 704
867 869
1123 1136
100 105
109 110
175 176
1352 1358
760 762
606 607
326 332
1009 1014
197 199
629 630
10 13
1014 1015
1337 1344
171 175
350 353
314 316
654 659
369 375
496 499
987 988
181 185
1360 1364
1349 1350
410 415
265 267
930 934
1158 1159
677 679
341 345
911 912
52 53
73 74
107 109
1434 1440
1370 1372
13 14
607 612
1184 1189
1138 1140
1267 1269
165 166
5 9
1189 1191
1325 1328
220 225
768 773
260 262
1071 1075
632 634
349 350
274 278
1269 1275
27 29
907 911
1333 1334
307 311
688 689
90 92
970 980
1168 1169
431 437
1224 1230
623 624
1415 1416
982 987
1286 1287
199 201
670 672
1377 1379
1057 1063
30 31
586 587
1159 1166
958 964
230 231
1262 1263
360 363
14 15
726 727
126 132
1079 1080
146 157
1147 1150
1401 1410
659 660
672 673
132 135
1412 1415
1212 1214
630 632
1276 1279
311 314
176 181
583 586
803 812
441 459
860 864
706 713
778 791
92 100
1055 1057
459 464
322 326
767 768
1096 1103
29 30
424 427
270 272
161 165
988 998
522 528
852 858
587 600
1000 1003
528 531
247 256
1177 1184
869 876
24 27
1075 1078
1211 1212
1150 1153
105 107
964 968
82 17
1004 1016
153 159
107 108
1174 1180
206 214
962 964
849 853
205 206
547 553
373 375
102 107
558 560
160 164
1408 1424
1392 1400
1180 1182
614 626
244 245
1017 1024
456 461
1024 1029
1087 1100
879 883
984 994
331 338
933 952
1171 1174
917 922
507 519
717 720
1363 1372
338 361
1161 1163
720 736
1100 1114
574 582
1077 1087
994 1004
34 37
253 257
1054 1056
1281 1291
764 795
646 663
245 251
714 717
530 535
26 30
1260 1272
663 672
853 854
328 331
500 507
1039 1051
13 26
553 558
1212 1246
562 564
1182 1191
1291 1298
544 547
30 34
686 714
108 119
282 299
898 903
1311 1320
119 127
142 144
1389 1391
191 192
1372 1374
1424 1434
3 6
194 205
1327 1347
864 875
1272 1277
299 316
856 861
1374 1379
758 764
1163 1171
1277 1281
1051 1054
795 815
883 898
834 848
139 142
519 530
681 686
235 244
826 834
560 562
61 65
922 927
582 595
251 253
1246 1249
48 19
740 742
566 567
29 32
250 265
850 852
852 862
381 385
763 765
300 306
149 168
1039 1050
1282 1302
1217 1233
354 359
680 684
51 55
641 643
945 951
538 541
862 864
578 583
552 554
910 945
1241 1248
1024 1039
904 907
532 538
55 72
1302 1307
1315 1322
1152 1199
629 630
137 138
531 532
108 109
1091 1106
265 271
562 566
1089 1091
361 370
694 696
191 208
730 731
739 740
688 691
776 793
650 656
1063 1070
23 26
370 381
731 739
547 552
885 887
793 807
109 118
1054 1063
972 981
828 840
337 342
1070 1074
138 147
742 757
864 884
393 401
75 90
696 699
1074 1085
71 83
1144 1146
54 56
510 520
366 379
1146 1147
57 58
1213 1217
898 904
1079 1088
359 365
809 828
1422 1424
387 391
670 671
583 586
1357 1366
457 464
671 682
427 434
421 423
1204 1206
395 420
133 134
1105 1113
1395 1422
504 508
1141 1142
236 240
907 917
875 882
1089 1105
1433 1440
380 387
586 588
988 993
464 465
904 907
379 380
987 988
588 624
441 443
1132 1141
1221 1233
763 772
1323 1325
696 701
870 872
917 936
99 101
574 580
855 863
865 870
352 359
41 45
58 64
434 438
959 987
1212 1213
580 581
1325 1326
1249 1253
25 37
786 787
350 352
882 888
152 156
134 152
201 225
1188 1190
170 189
685 687
485 487
1191 1198
267 271
1115 1119
225 227
83 99
477 485
551 555
828 832
1267 1309
80 83
1264 1267
1391 1395
1062 1072
420 421
46 54
1257 1263
1233 1241
240 254
1314 1318
776 783
864 865
1201 1204
687 688
108 133
581 583
1366 1391
1088 1089
1031 1038
465 470
470 477
274 276
9 13
1157 1188
656 657
508 510
888 890
772 776
644 650
487 500
13 25
1004 1021
787 796
438 441
523 551
650 652
624 630
1072 1079
156 170
37 41
796 809
272 274
874 875
630 644
520 522
500 504
72 80
365 366
189 201
993 1004
1424 1433
863 864
1023 1031
1047 1057
1129 1132
1253 1257
271 272
657 670
330 350
652 656
872 874
682 685
832 855
555 571
1198 1201
748 758
1190 1191
1113 1115
423 427
571 573
1206 1212
1057 1062
101 108
56 43
1327 1329
522 524
197 198
913 920
1365 1367
1124 1150
1120 1121
1429 1436
541 550
1093 1099
920 936
526 532
122 128
45 54
251 279
1101 1104
102 104
684 689
784 804
726 732
979 980
1331 1353
238 244
629 632
901 913
996 999
1436 1440
833 849
814 817
391 398
855 857
555 558
558 559
822 827
1306 1309
689 700
1420 1429
1380 1383
1309 1313
1219 1235
337 344
198 202
459 467
1393 1403
647 648
36 45
388 391
355 356
205 217
350 352
398 406
1326 1327
219 228
721 725
353 354
999 1002
937 951
1403 1404
66 80
1122 1124
747 754
980 982
732 747
762 773
101 102
886 898
419 446
773 774
1283 1285
1055 1066
872 876
195 197
1367 1372
1372 1377
120 122
1198 1202
804 814
1066 1067
1002 1010
661 675
116 120
1202 1213
535 538
319 320
1303 1306
533 535
1010 1021
176 186
1170 1172
344 350
1186 1198
90 101
352 353
849 855
532 533
560 565
956 958
354 355
648 661
22 46
280 282
967 972
523 525
1357 1370
573 577
714 718
453 454
1068 1073
602 604
1380 1396
371 376
875 886
1154 1155
99 102
532 534
1174 1176
68 74
928 935
809 819
222 226
52 54
685 688
1347 1353
179 180
74 76
88 90
1058 1061
499 516
1260 1261
1185 1196
1208 1213
263 268
37 42
1043 1048
102 108
626 632
1300 1304
785 794
1277 1281
935 960
862 868
1196 1206
245 253
124 138
318 319
839 842
27 31
960 967
468 474
1309 1310
256 262
262 263
76 87
552 560
542 548
268 271
1128 1153
1098 1104
385 386
731 735
299 304
362 363
490 499
1353 1355
1213 1222
568 573
677 685
239 241
0 2
1080 1440
11 361
81 79
1244 1251
682 685
292 305
1438 1440
494 496
346 356
976 982
653 655
193 195
1211 1220
462 470
655 657
982 983
1420 1422
264 270
15 23
1083 1092
181 188
720 729
402 413
216 218
1066 1068
509 511
1068 1070
1050 1066
256 264
195 201
511 524
579 587
1293 1295
1220 1244
782 786
797 798
524 532
1199 1201
766 773
1147 1149
1027 1030
695 708
1326 1328
6 15
1164 1178
4 5
734 741
832 835
1328 1334
547 559
983 991
79 89
916 927
561 572
899 902
1079 1083
41 50
806 808
1310 1319
624 628
1159 1164
1155 1156
786 791
876 877
223 224
1204 1207
247 252
628 650
1201 1204
798 806
5 6
681 682
662 663
955 961
1319 1325
849 855
1195 1199
305 324
1370 1391
122 123
1367 1370
252 256
65 69
384 402
808 821
877 889
27 30
718 720
2 4
92 100
911 912
1140 1147
1407 1420
576 579
1101 1108
30 31
1156 1157
838 847
89 92
1334 1338
760 763
342 346
1290 1293
532 538
948 955
496 503
188 193
1325 1326
139 147
147 158
1338 1358
587 593
791 796
1358 1360
1267 1290
1188 1195
1108 1118
505 509
221 222
1073 1079
825 828
457 461
1048 1050
1207 1210
773 776
1391 1394
663 675
1122 1128
1157 1159
1070 1072
912 916
166 173
867 872
1118 1121
341 342
593 596
866 867
74 79
1001 1008
291 292
1360 1365
173 181
538 540
855 857
1402 1407
1178 1188
356 359
1422 1432
69 74
835 837
23 24
324 341
847 849
448 457
420 428
1012 1015
755 760
224 247
218 221
437 442
1099 1101
1015 1027
830 832
8 16
977 978
82 83
1418 1431
986 992
966 977
891 898
424 429
1145 1146
1149 1153
80 82
429 434
514 517
1432 1436
681 682
780 792
1408 1418
576 584
1030 1032
517 525
378 382
476 493
423 424
917 919
741 747
63 76
1370 1387
535 539
223 232
871 873
1418 1427
1401 1415
841 852
817 818
339 348
1439 1440
955 958
659 673
284 289
702 703
928 936
301 307
151 195
918 925
1094 1100
1066 1092
1104 1111
127 133
947 954
1114 1115
474 487
76 77
1113 1114
556 571
784 787
259 260
769 775
260 268
70 71
195 209
37 41
1415 1418
1246 1257
52 70
359 371
1184 1190
432 443
1245 1246
970 972
974 978
1360 1370
445 450
443 445
608 619
1025 1027
1150 1164
867 871
1126 1150
401 417
1321 1334
798 807
1059 1066
1092 1094
142 151
673 674
821 823
103 123
1190 1196
85 97
1115 1124
268 275
983 985
550 556
823 841
1012 1015
321 339
978 983
253 255
1030 1036
97 98
858 861
1232 1237
1318 1321
1124 1126
457 459
655 659
41 52
236 253
459 474
1427 1429
308 316
1257 1273
597 603
925 928
1387 1401
1429 1439
1164 1184
1339 1343
1111 1113
698 702
376 401
539 550
1343 1358
1229 1232
1217 1229
214 223
71 76
807 817
787 798
818 820
209 214
1036 1059
907 909
1273 1278
233 236
691 698
627 655
255 259
703 716
501 518
1278 1282
764 769
581 582
123 127
307 308
275 281
518 529
775 784
606 608
98 103
873 889
300 301
1100 1104
852 858
450 457
820 821
889 907
417 419
587 590
1015 1025
1237 1245
352 359
281 284
936 943
716 727
2 0
1080 1430
11 361
90 7
281 283
600 608
31 32
952 972
13 27
869 873
849 857
71 82
163 169
695 696
652 653
1166 1169
589 591
1185 1200
572 586
463 484
1171 1175
753 756
1050 1052
142 149
724 729
169 174
656 661
160 163
939 944
306 308
1099 1106
1207 1208
1011 1020
234 236
1160 1166
805 814
54 67
431 439
669 670
1042 1043
305 306
484 506
510 522
299 305
1115 1116
220 221
1111 1115
459 463
1359 1377
935 938
1020 1023
134 142
1200 1206
1352 1356
156 160
901 911
591 593
420 431
1267 1286
1106 1107
1380 1393
130 134
27 29
670 695
879 901
1088 1098
191 192
1047 1049
221 234
332 334
1107 1111
315 318
1286 1294
352 360
814 824
41 45
236 250
1049 1050
531 536
283 285
543 546
701 706
586 589
536 541
593 594
1236 1238
522 528
1348 1352
938 939
824 835
210 220
1010 1011
547 572
1098 1099
1260 1267
873 879
199 210
457 459
594 600
1124 1128
1218 1236
0 17
405 407
299 317
730 743
1362 1373
1435 1438
1196 1202
544 559
763 783
1356 1362
918 933
1104 1121
596 636
572 578
830 834
1012 1018
414 419
788 790
77 9
265 268
944 964
780 786
655 689
192 207
1023 1025
618 619
90 92
871 875
424 425
235 241
1176 1177
994 997
1114 1128
1257 1278
1235 1239
1018 1021
584 588
831 848
940 941
875 885
554 558
223 226
867 871
1278 1282
64 68
469 471
4 13
1152 1154
71 90
997 1018
541 542
1154 1176
139 142
471 482
588 602
1188 1235
1373 1378
428 469
568 575
136 139
425 428
964 976
575 584
279 292
133 136
181 186
23 27
142 146
1085 1090
1177 1179
178 181
396 421
31 45
1063 1071
207 223
1301 1325
274 279
689 711
558 559
941 944
1250 1251
129 133
14 16
118 129
602 615
53 64
1239 1250
562 565
1433 1434
50 53
769 780
1099 1114
2 4
146 147
559 562
241 245
714 737
369 396
619 647
421 424
68 71
1027 1036
294 321
1187 1188
1179 1182
1 53
258 281
1215 1220
282 290
1320 1326
715 718
524 530
822 823
499 502
113 117
747 767
1071 1087
1101 1108
979 985
338 353
1310 1311
848 851
770 791
1348 1362
292 302
386 398
656 658
939 940
1060 1062
236 237
21 25
1048 1059
1108 1127
356 359
889 892
225 227
1368 1369
663 685
1090 1096
603 614
851 852
823 828
1235 1249
593 602
996 1004
703 712
79 82
1006 1021
304 309
1315 1319
302 304
1087 1090
1432 1433
506 520
182 196
834 840
227 231
718 747
93 94
1172 1174
84 44
100 101
525 526
1258 1261
616 621
882 887
384 392
550 554
266 272
17 25
928 935
230 231
587 604
764 770
380 384
413 418
1400 1402
1131 1142
1248 1250
231 233
1261 1271
123 125
6 10
350 351
1022 1023
1151 1152
621 623
1212 1213
1238 1248
961 979
623 624
578 581
272 274
371 374
280 295
679 688
1271 1280
135 137
1220 1230
476 480
1122 1123
299 310
25 26
468 476
944 954
688 700
912 917
1091 1097
323 326
1215 1216
862 864
1350 1365
1152 1154
1113 1115
233 235
432 435
523 525
729 730
130 132
1168 1171
1300 1308
274 275
869 870
846 858
1002 1007
150 152
577 578
628 634
253 256
554 555
1183 1184
256 266
147 150
436 442
1216 1220
134 135
1007 1008
874 878
370 371
1060 1061
868 869
878 882
403 413
97 100
734 759
275 278
457 458
1145 1151
1417 1419
907 912
132 134
785 796
540 550
1066 1073
1390 1396
442 457
1167 1168
1213 1215
1408 1411
1396 1399
458 460
648 652
399 403
1402 1404
722 726
235 253
994 1002
224 226
1052 1060
1182 1183
217 224
634 636
83 97
310 312
358 362
421 422
52 56
1432 1440
870 874
1378 1390
1088 1091
10 17
957 961
1207 1208
49 52
1289 1300
1008 1022
905 907
527 536
67 52
1099 1107
1113 1126
1147 1159
85 101
456 464
1303 1307
471 475
799 821
112 119
402 408
123 130
1132 1139
501 509
1311 1330
1139 1143
1429 1430
205 216
706 713
9 11
316 318
163 171
896 898
646 649
1394 1403
482 499
776 778
464 471
351 352
635 644
171 176
105 109
1302 1303
408 418
1088 1099
352 363
509 514
432 435
701 706
196 199
1126 1132
176 189
769 776
445 456
15 20
1262 1265
1029 1039
690 693
11 15
629 635
136 149
1386 1394
318 319
1200 1211
41 46
548 558
980 982
872 890
7 9
1365 1371
683 690
1361 1362
420 431
1051 1058
996 997
1176 1178
1077 1083
189 192
1382 1386
579 589
363 364
644 646
1007 1014
922 954
1342 1344
676 683
1355 1361
870 872
566 579
343 349
130 135
78 82
277 298
109 112
693 695
216 233
1058 1060
1220 1244
649 654
1407 1425
234 239
675 676
762 769
192 194
1372 1375
760 762
717 760
1381 1382
1425 1429
900 901
1014 1029
514 515
1185 1200
349 351
35 37
1403 1407
558 561
832 851
1215 1219
1247 1262
1143 1144
1219 1220
199 200
119 123
101 105
971 980
1310 1311
1244 1247
336 343
956 957
100 100
849 856
1123 1130
878 885
547 554
705 712
633 640
892 900
72 79
273 280
864 871
1022 1029
86 93
835 842
561 568
259 266
388 396
1296 1303
734 741
1195 1202
1036 1044
676 684
1238 1245
1166 1173
1137 1144
28 36
532 540
777 784
432 439
302 309
1209 1216
691 698
244 252
144 151
158 165
1051 1058
936 943
201 208
14 21
1339 1346
172 180
792 799
1425 1432
57 64
1080 1087
374 381
720 727
360 367
1324 1332
316 324
907 914
748 756
230 237
446 453
1180 1188
1065 1072
187 194
820 828
331 338
648 655
662 669
763 770
806 813
1411 1418
1224 1231
993 1000
216 223
100 108
964 972
403 410
1281 1288
0 7
417 424
619 626
921 928
576 583
1267 1274
115 122
1310 1317
1353 1360
1008 1015
489 496
1368 1375
979 986
1108 1116
590 597
1382 1389
504 511
518 525
950 957
288 295
1094 1101
475 482
460 468
604 612
129 136
1152 1159
43 50
1396 1404
1252 1260
345 352
1303 1310
338 345
468 475
36 43
367 374
1130 1137
1072 1080
712 720
597 604
453 460
309 316
770 777
1260 1267
1000 1008
1044 1051
1058 1065
1274 1281
756 763
194 201
871 878
655 662
1173 1180
496 504
928 936
957 964
424 432
237 244
165 172
208 216
1288 1296
381 388
439 446
266 273
1202 1209
136 144
396 403
280 288
554 561
223 230
856 864
151 158
1432 1440
986 993
295 302
1101 1108
64 72
252 259
842 849
813 820
972 979
540 547
1231 1238
7 14
108 115
612 619
900 907
684 691
626 633
1360 1368
122 129
568 576
1087 1094
1159 1166
1029 1036
180 187
410 417
784 792
1375 1382
1245 1252
698 705
741 748
1389 1396
583 590
93 100
1216 1224
727 734
1418 1425
79 86
640 648
1144 1152
525 532
1188 1195
1116 1123
21 28
828 835
482 489
1317 1324
1346 1353
799 806
50 57
511 518
1332 1339
352 360
1015 1022
914 921
943 950
885 892
1404 1411
669 676
324 331
58 6
1232 1234
532 533
99 126
287 291
784 792
712 715
1070 1072
1438 1439
61 79
1260 1261
1285 1289
1343 1346
536 539
126 127
707 710
560 590
997 1008
840 848
1197 1206
914 925
804 805
517 523
500 504
291 292
1147 1155
127 146
1393 1394
442 447
1348 1352
195 199
260 264
663 684
716 718
1055 1068
488 496
929 930
986 997
818 825
58 61
1302 1305
277 287
1352 1353
299 302
718 737
11 26
461 473
416 436
505 507
473 488
533 536
496 500
512 517
912 913
2 11
867 869
660 663
320 322
1108 1131
1261 1279
1175 1176
523 527
1289 1292
367 374
1155 1175
40 12
988 997
707 708
755 767
531 533
487 489
868 872
745 751
1109 1111
1081 1086
1274 1278
846 851
926 954
1413 1435
1340 1342
207 214
608 611
689 693
1115 1123
1003 1006
455 469
311 312
635 654
721 723
972 980
1216 1217
416 426
1278 1279
1271 1274
882 888
1313 1316
146 147
1123 1135
1321 1335
147 157
751 755
1308 1313
1290 1297
782 785
565 574
1 8
788 792
1192 1197
1149 1170
795 798
708 721
509 531
807 829
1097 1109
534 544
489 496
922 923
1335 1339
65 42
816 819
780 784
399 411
211 221
109 131
1381 1382
200 211
441 447
960 961
888 899
72 74
1029 1032
1298 1302
1237 1248
1349 1355
343 345
564 573
1403 1404
742 745
858 859
1161 1165
1115 1116
942 944
750 759
784 797
859 882
376 377
1192 1194
612 621
694 703
983 984
797 806
1158 1161
1236 1237
1103 1110
970 972
164 179
621 634
1206 1224
1131 1147
63 72
162 164
1116 1127
296 300
1180 1181
548 558
1251 1260
967 970
945 950
511 519
182 199
899 904
238 272
1337 1341
391 399
763 764
101 104
882 885
8 33
853 858
537 540
1393 1401
368 372
289 296
745 750
223 226
563 564
272 286
286 289
976 983
82 88
591 595
1401 1403
1084 1099
806 816
1234 1236
1268 1273
637 641
1302 1311
904 913
132 137
759 763
1414 1416
824 834
961 967
984 995
1035 1040
1291 1298
1045 1052
438 441
44 52
229 234
1325 1337
595 612
160 162
674 676
834 853
1099 1101
589 591
313 343
641 650
951 954
453 458
558 562
944 945
98 101
131 132
19 4
711 712
41 54
1342 1343
1152 1161
477 492
582 609
1065 1067
555 559
381 383
708 711
656 661
195 223
1343 1346
368 381
127 128
383 384
227 233
643 648
791 812
1346 1348
1119 1140
135 154
610 620
67 72
519 535
739 752
428 448
828 830
773 774
975 981
1050 1062
1297 1300
1277 1284
152 168
1400 1404
627 630
1209 1210
904 910
232 240
603 606
305 318
50 57
1291 1296
1079 1080
633 658
253 267
117 133
1215 1222
770 773
1389 1391
925 935
64 68
1296 1297
1316 1330
395 397
606 627
518 519
92 98
34 35
874 887
240 253
274 294
57 64
788 790
141 152
202 211
981 996
1080 1098
1367 1375
1334 1335
71 78
397 407
473 485
425 428
415 425
910 925
168 194
512 518
133 141
715 720
472 473
301 303
630 633
723 739
407 415
1379 1389
41 45
1191 1209
1262 1264
567 602
485 512
1005 1023
686 696
1183 1191
1210 1215
696 703
296 301
888 899
863 869
362 369
454 472
356 361
1073 1075
783 788
1404 1409
830 834
935 959
1031 1050
899 904
68 70
1101 1106
350 356
535 540
267 274
1001 1004
709 715
1117 1151
1234 1240
1151 1152
387 393
294 296
1247 1249
1330 1334
78 92
887 888
1358 1367
996 1000
369 380
1300 1310
1284 1291
662 669
393 395
1109 1115
29 34
1075 1079
834 835
1240 1242
380 387
774 783
1098 1101
45 50
303 305
1264 1269
800 823
720 723
853 863
1242 1247
1310 1316
1269 1277
361 362
98 115
1004 1005
1152 1167
1177 1183
671 680
823 828
602 603
1335 1358
1167 1177
1391 1400
115 117
1106 1109
1062 1073
9 98
1214 1223
821 831
798 816
1142 1149
181 188
507 512
254 262
593 597
840 853
816 820
218 220
220 222
939 941
1252 1254
1229 1233
611 613
572 573
788 794
196 197
1233 1238
140 152
1017 1018
66 72
1192 1201
578 579
1121 1123
6 9
831 840
16 35
1327 1333
553 554
1254 1261
88 97
97 100
1281 1282
1041 1052
304 305
1292 1297
721 731
610 611
894 896
417 442
540 542
688 697
1093 1097
679 685
1175 1176
312 313
656 660
795 798
1375 1405
262 269
442 447
661 662
1201 1205
982 984
740 749
753 788
645 656
960 961
1172 1175
116 117
1183 1189
497 502
363 385
579 580
333 350
1318 1319
1283 1292
622 626
447 448
117 122
1004 1009
455 461
63 66
86 88
731 740
1189 1192
276 298
1308 1309
1052 1053
128 138
385 386
1261 1279
1066 1069
854 874
547 549
486 489
269 271
35 41
941 946
685 688
387 388
1239 1242
223 233
1137 1142
1149 1152
853 854
1123 1124
1213 1214
271 276
714 721
933 939
589 591
874 888
57 63
212 214
46 48
1029 1051
1069 1086
470 481
84 85
1408 1417
335 347
206 208
1089 1090
141 157
240 243
958 980
632 636
1192 1194
1401 1408
903 912
681 682
1098 1099
1322 1336
1087 1089
858 873
572 576
29 31
663 668
845 849
31 32
636 637
1366 1367
614 627
1145 1157
1369 1382
1157 1163
799 813
1118 1119
773 774
416 458
997 999
20 29
720 726
887 893
576 583
200 202
232 237
824 828
897 903
1025 1029
367 368
1361 1362
995 997
1194 1199
1203 1206
39 41
916 918
216 217
1382 1390
1099 1114
918 939
1199 1200
1016 1018
594 602
130 141
321 326
1055 1059
1296 1309
370 375
411 416
78 84
1343 1349
1163 1172
66 73
382 384
726 727
32 37
758 766
727 736
1064 1069
766 773
1363 1366
642 654
1119 1124
3 7
1232 1251
873 887
682 686
1421 1440
570 572
41 43
1270 1283
1349 1359
1283 1295
37 39
1309 1319
286 295
265 286
583 584
33 52
455 540
185 200
1038 1046
393 447
696 697
266 273
384 385
174 177
855 875
1137 1142
632 638
1185 1201
714 758
849 855
46 78
1207 1236
14 19
335 342
817 828
1271 1342
200 201
1366 1372
184 185
912 947
972 973
274 282
654 660
153 174
381 384
1418 1433
828 834
977 1005
113 119
582 616
247 252
301 335
142 153
1342 1354
273 274
447 455
776 786
1236 1245
1062 1071
670 696
758 759
1171 1185
225 236
1005 1013
947 968
875 911
1245 1250
973 977
252 259
385 387
616 632
1071 1072
177 184
799 813
219 225
1357 1366
392 393
1383 1403
759 766
703 714
1030 1038
201 203
387 388
215 219
1433 1440
567 571
1403 1406
697 703
360 368
571 582
1016 1030
1050 1056
259 266
1372 1383
1406 1418
638 650
1250 1271
359 360
95 113
540 565
209 215
89 98
383 384
445 450
556 557
716 719
1342 1344
479 481
629 634
620 622
570 574
1286 1290
58 59
1183 1185
574 578
317 324
664 667
1341 1342
91 96
972 974
125 132
1396 1398
739 740
867 873
361 366
842 843
1100 1101
277 279
59 60
33 46
600 605
474 477
60 62
889 891
534 539
1392 1393
1298 1305
1167 1169
839 842
1041 1044
1185 1187
136 139
1309 1310
1344 1345
807 817
1103 1106
1384 1392
776 777
1040 1041
444 445
245 256
1290 1297
1006 1007
316 317
865 867
452 456
417 418
493 495
969 972
1262 1271
505 515
366 368
1190 1202
1085 1086
1405 1407
1207 1208
152 157
123 124
1422 1423
501 502
1132 1137
1106 1107
118 123
326 329
178 182
777 779
1243 1246
1054 1061
450 452
1242 1243
592 597
1427 1430
314 315
843 844
282 285
583 586
192 196
209 210
784 791
157 159
1364 1368
907 912
219 221
539 542
1307 1309
844 855
1189 1190
951 952
607 615
139 144
1322 1323
351 355
1436 1438
976 984
667 669
456 458
1237 1238
522 524
597 599
11 16
1017 1023
104 106
1439 1440
1048 1053
412 414
1374 1383
1345 1348
693 695
1171 1176
90 91
1326 1329
929 933
1348 1355
990 998
1204 1207
124 125
403 407
477 479
184 192
891 892
465 467
1430 1432
1271 1283
1336 1338
835 839
519 522
418 426
882 889
892 893
285 286
106 107
415 417
426 427
1235 1237
1202 1204
1438 1439
965 967
388 389
373 377
1432 1434
921 929
952 957
1127 1132
1045 1047
861 863
1398 1402
75 76
492 493
391 403
549 553
817 828
1297 1298
256 273
998 1006
357 358
582 583
1285 1286
110 116
229 236
1226 1235
1164 1167
1187 1188
463 465
1208 1221
210 215
920 921
286 290
695 705
440 444
569 570
481 486
293 303
1053 1054
280 282
615 620
754 766
752 754
150 152
196 207
18 76
1270 1271
416 421
301 304
81 87
847 849
367 374
737 754
857 858
612 626
444 456
1125 1133
559 566
1284 1310
365 367
271 295
1133 1134
549 555
858 866
1340 1348
636 640
390 392
566 575
824 827
611 612
378 379
1147 1149
1401 1421
267 271
728 735
411 416
120 130
343 361
541 549
304 310
1313 1320
640 654
827 838
130 134
934 944
1421 1436
1438 1440
192 205
866 878
680 689
173 183
881 883
558 559
407 411
1088 1096
1266 1270
403 407
961 973
421 428
163 173
845 847
1096 1100
878 881
154 161
983 1005
333 336
87 90
915 927
487 503
1193 1207
442 444
1151 1152
324 333
1255 1266
776 783
1361 1370
631 635
11 13
1321 1340
310 311
1242 1252
944 954
765 766
602 611
503 509
400 403
1398 1401
231 247
555 558
384 390
211 213
77 81
754 759
783 802
1176 1177
67 77
1149 1151
954 961
456 477
1310 1313
2 0
0 360
1079 1429
2 21
1043 1167
1188 1284
89 105
105 171
335 364
1291 1314
1167 1188
1410 1440
819 842
995 1001
842 866
662 663
364 426
1015 1043
886 897
1335 1394
806 818
1314 1335
321 333
11 67
606 636
426 433
1001 1015
27 64
191 192
261 263
381 411
640 643
798 800
469 471
1035 1043
908 928
102 109
1107 1118
332 336
711 731
1395 1419
1018 1035
956 981
485 486
254 256
619 624
1317 1323
517 543
203 204
414 429
486 501
643 644
204 217
263 274
936 956
178 181
1389 1394
1351 1363
866 869
71 74
565 569
853 862
1241 1249
679 681
681 682
1043 1047
1295 1296
747 749
1326 1337
1054 1067
1121 1133
981 985
1383 1384
445 469
163 165
1092 1101
574 579
682 694
698 702
328 332
704 706
110 114
703 704
624 640
434 445
1283 1293
731 744
351 362
598 599
429 431
1429 1430
61 71
1316 1317
1232 1240
1200 1232
192 195
870 886
818 842
1323 1326
702 703
44 46
579 596
777 789
1301 1316
560 561
694 698
599 605
1425 1429
985 992
148 159
295 305
644 679
342 344
256 261
305 309
159 163
1394 1395
1262 1283
1102 1107
0 100
1403 1411
193 197
642 645
9 10
123 129
711 714
1418 1423
804 808
785 794
1201 1204
946 948
77 78
734 739
433 449
1331 1368
1204 1208
803 804
742 743
943 946
547 565
18 26
1184 1186
1293 1297
427 430
1119 1122
105 116
1211 1218
1271 1273
744 748
1050 1055
392 395
1148 1165
1186 1191
482 489
216 221
1425 1431
312 317
10 18
466 470
822 825
769 771
64 71
1382 1383
363 365
325 331
129 130
1059 1061
869 872
74 76
658 673
1247 1271
1175 1176
135 143
1130 1132
421 425
980 987
958 963
47 49
28 31
1246 1247
892 895
629 631
319 323
625 627
311 312
748 752
1129 1130
741 742
694 711
918 919
876 879
460 466
757 766
1383 1393
58 64
1111 1114
221 223
121 123
1176 1177
81 82
49 56
1097 1098
879 892
724 730
676 678
768 769
628 629
1168 1169
808 809
730 734
1208 1209
815 822
842 846
353 355
540 547
1065 1068
772 779
78 81
589 592
740 741
33 56
1260 1261
1291 1293
1208 1210
647 648
13 19
821 823
715 717
1423 1434
891 894
139 148
1375 1376
537 540
179 182
1105 1106
717 718
196 204
265 268
259 262
1192 1197
339 353
615 623
110 111
894 899
426 429
453 455
711 713
127 128
569 575
44 53
115 119
169 171
113 115
390 404
889 891
1132 1141
840 849
984 991
849 866
1368 1375
609 611
584 585
823 824
221 227
1022 1029
801 803
305 311
23 44
256 259
953 984
1414 1415
151 152
540 541
111 113
866 884
1 9
556 563
1001 1007
541 553
1238 1242
353 387
213 219
1392 1398
1096 1105
246 248
54 56
1244 1251
704 711
1121 1122
53 54
288 290
1242 1244
325 335
1436 1440
1067 1070
387 390
1207 1208
1106 1112
750 753
637 642
405 406
910 926
290 296
1048 1052
780 791
660 668
1176 1183
515 524
531 532
56 63
2 0
1080 1430
0 360
59 97
553 556
1205 1213
1327 1328
1102 1108
839 840
1154 1161
1199 1202
186 189
484 489
610 614
371 380
795 799
453 470
1047 1048
806 807
1025 1026
1051 1053
802 803
1282 1285
1384 1399
659 663
723 724
97 99
654 657
1204 1205
1399 1404
728 733
1097 1098
622 634
733 735
30 32
397 399
917 926
287 288
1053 1057
1331 1332
960 964
407 413
320 324
430 433
400 407
1379 1383
543 552
565 570
702 718
1265 1266
574 578
997 998
1213 1216
1412 1413
694 695
14 18
1166 1170
1187 1193
39 47
772 782
482 484
1250 1253
339 344
67 68
1193 1199
602 609
1217 1223
288 291
1253 1262
1262 1265
255 273
687 688
823 825
1186 1187
657 659
47 52
474 477
1093 1097
1285 1292
1277 1282
1121 1126
620 622
243 246
619 620
104 110
869 875
1057 1060
1436 1440
875 879
584 585
1237 1238
897 898
1226 1236
1173 1179
146 147
1070 1072
978 979
124 125
988 994
807 813
1404 1406
1035 1037
663 667
904 909
617 618
1223 1225
749 752
504 511
200 202
1110 1111
1329 1330
208 212
179 180
1111 1112
651 654
1084 1085
1321 1325
541 542
700 702
998 1002
759 767
202 208
552 553
669 671
856 858
297 300
147 150
294 297
1072 1075
300 303
1225 1226
518 522
735 749
1216 1217
1354 1358
879 883
556 565
898 904
1410 1412
100 104
952 954
954 956
1294 1297
1297 1299
1085 1091
618 619
890 891
840 850
889 890
614 617
585 586
1377 1379
1144 1149
1153 1154
1332 1333
413 415
1170 1173
326 330
1028 1033
87 93
50 50
229 235
856 862
174 175
541 545
22 27
835 856
63 91
864 868
564 569
1424 1433
355 365
261 282
770 789
499 509
949 951
802 813
945 949
168 174
971 1002
1045 1046
1083 1091
711 713
1161 1162
333 342
1373 1388
569 572
435 437
657 663
713 714
164 168
969 971
472 473
509 512
919 929
1061 1074
175 189
929 945
117 119
379 407
692 711
1043 1045
1388 1391
373 379
1005 1017
1252 1324
591 600
551 564
440 442
310 316
965 969
745 751
689 692
600 623
527 541
205 229
316 330
237 261
119 125
1362 1373
868 915
1360 1362
673 679
576 586
305 310
11 17
99 106
825 835
235 237
1017 1043
1352 1354
449 456
737 738
1338 1344
813 823
106 117
1346 1352
432 435
1091 1098
823 825
665 673
296 300
512 519
442 449
462 472
1098 1105
300 305
751 757
53 63
757 759
1148 1161
663 665
189 205
1194 1243
1433 1440
91 99
437 440
426 427
1391 1399
572 575
1114 1140
86 32
512 519
1070 1075
1393 1408
912 913
118 119
208 211
633 651
168 186
803 806
219 227
242 251
327 329
774 789
542 550
887 888
251 253
627 632
975 981
396 402
277 281
227 232
1245 1250
1146 1148
632 633
232 242
313 325
1116 1122
1304 1310
809 817
1255 1258
494 495
420 424
1066 1070
281 300
1149 1163
601 605
253 264
522 523
357 375
1207 1209
1186 1196
443 449
204 208
566 570
129 146
449 460
739 747
594 601
704 710
624 627
460 471
875 884
1014 1032
1003 1007
1104 1112
710 715
1196 1200
661 671
378 384
1085 1097
1300 1304
1219 1245
1258 1266
681 684
1007 1014
701 704
884 887
7 90
495 512
353 356
1317 1334
211 215
817 824
1163 1176
1426 1440
350 353
981 984
651 661
519 522
717 720
678 679
375 378
735 739
402 408
972 975
692 701
1266 1283
424 436
1210 1211
1408 1410
1097 1104
90 92
1142 1146
523 538
1148 1149
806 809
478 494
671 678
550 555
1283 1288
264 270
1201 1204
1032 1066
389 392
1218 1219
300 313
1410 1426
438 443
270 277
1250 1255
605 613
436 437
888 911
437 438
1310 1314
955 972
684 692
148 168
10 100
1336 1337
174 175
30 31
61 65
1271 1279
871 880
751 755
517 519
1215 1242
359 361
334 338
208 212
690 694
191 197
242 245
1091 1093
222 225
814 829
1106 1107
1005 1007
1111 1113
769 777
1426 1430
737 738
22 29
400 401
218 222
845 851
915 930
1175 1176
665 677
1148 1154
139 140
1291 1300
489 505
1176 1180
578 583
1349 1356
525 538
307 318
94 104
151 166
270 271
146 147
183 187
1313 1320
783 785
598 600
603 604
121 122
202 207
1346 1349
1413 1417
187 188
41 43
358 359
861 871
338 343
565 566
273 275
361 368
217 218
855 858
808 809
197 202
1127 1129
694 698
275 280
398 400
65 70
368 381
960 963
883 886
891 905
246 250
119 120
935 942
618 621
980 986
1431 1440
305 307
787 788
324 334
86 94
1281 1282
1141 1144
566 574
1264 1265
1028 1030
1038 1042
1035 1038
397 398
621 625
417 421
110 111
1067 1071
1180 1188
574 578
1387 1388
283 289
1301 1312
143 146
932 933
958 960
677 681
583 585
1093 1101
250 254
1114 1124
1060 1063
0 2
180 540
540 900
0 2
1439 1440
0 1
100 100
1263 1265
1112 1117
690 692
987 989
281 284
1021 1028
922 935
51 64
1404 1405
817 835
1341 1343
1346 1349
1254 1263
1087 1096
313 338
1098 1102
1144 1146
705 717
995 997
1061 1063
559 569
945 952
1071 1086
358 370
553 555
1343 1345
419 432
807 810
202 212
892 893
1151 1153
145 149
770 771
744 747
231 232
1374 1375
1086 1087
640 646
965 967
589 590
1368 1369
1097 1098
338 350
379 385
997 1018
835 838
1102 1104
771 795
285 303
1167 1168
475 497
1360 1368
113 119
459 463
1132 1144
541 553
69 79
1322 1323
1382 1401
967 969
18 45
1323 1341
1032 1045
683 688
976 987
64 67
350 352
974 976
412 419
1306 1313
812 815
119 124
1299 1306
815 817
89 95
734 744
107 113
718 723
404 405
1117 1130
1345 1346
1236 1246
747 748
269 276
1270 1281
700 705
1048 1050
312 313
665 668
1402 1404
1298 1299
1401 1402
754 755
692 695
372 379
193 195
610 621
1063 1064
437 444
569 576
200 201
1369 1371
390 397
658 659
276 281
1251 1253
1186 1187
221 230
247 261
1349 1359
531 535
464 475
409 412
245 247
1232 1236
795 802
679 683
938 945
689 690
845 861
261 269
1412 1413
186 193
407 409
646 658
1045 1048
212 216
1315 1322
463 464
688 689
232 238
500 512
397 404
1248 1251
527 531
444 459
952 965
1018 1021
1130 1132
861 892
675 678
839 844
1375 1382
1156 1166
1413 1436
1405 1412
1265 1269
893 904
124 134
1028 1032
68 69
389 390
239 245
1246 1248
555 557
1195 1215
580 589
576 577
238 239
728 734
1371 1374
1436 1440
627 640
1168 1172
1064 1065
1096 1097
134 145
802 807
766 770
303 312
590 596
95 101
723 726
370 372
1166 1167
405 407
748 752
159 178
1065 1071
1269 1270
1187 1195
201 202
1253 1254
7 8
1172 1186
1050 1061
8 12
216 221
178 186
668 675
1104 1112
695 700
352 356
387 389
149 158
596 608
230 231
512 527
904 922
1215 1225
18 65
855 860
1325 1332
1292 1297
1418 1419
25 43
1154 1159
937 941
813 847
200 201
370 373
516 524
1257 1258
193 195
1427 1431
422 430
1135 1136
336 341
599 604
212 213
335 336
1074 1075
130 143
106 119
541 546
561 570
1159 1165
809 813
527 529
295 321
554 561
328 335
71 75
848 850
548 554
21 25
1104 1121
680 682
1236 1247
796 801
361 364
397 398
941 947
860 861
529 541
847 848
741 769
547 548
685 689
391 397
801 809
1169 1180
43 49
852 855
1332 1334
430 442
675 676
1282 1284
402 408
1278 1282
351 356
1029 1033
1334 1342
861 882
897 899
442 450
1417 1418
1065 1071
51 55
976 1013
570 573
450 461
185 193
1342 1357
1436 1439
689 698
1302 1310
326 328
341 351
373 378
727 738
546 547
636 639
119 120
60 8
195 204
431 433
1271 1276
1090 1094
272 277
16 17
17 44
1115 1119
609 611
642 648
1060 1087
277 287
239 241
910 916
945 948
677 682
1307 1309
529 534
106 119
1019 1025
882 884
1010 1019
134 145
1119 1122
375 379
1144 1161
447 448
514 517
119 122
616 617
470 473
1309 1317
287 291
1327 1332
974 1002
902 909
237 238
317 324
188 192
346 367
60 78
1002 1010
1296 1307
236 237
425 426
1220 1222
1110 1115
722 728
512 514
711 713
88 100
1098 1102
402 408
1096 1098
340 346
379 381
303 305
526 529
85 88
78 85
170 188
952 957
1317 1322
1279 1289
241 272
1398 1425
192 195
885 902
67 21
164 168
1074 1078
41 45
45 47
501 510
1133 1137
186 193
934 935
47 51
51 66
993 1002
1194 1207
235 243
1251 1252
618 620
649 651
1138 1141
1057 1064
600 601
481 486
604 609
557 563
1319 1328
1376 1384
920 933
1310 1317
749 770
1067 1071
151 160
168 169
826 828
1410 1413
1270 1272
953 958
643 645
1186 1194
641 643
625 632
170 177
696 706
1232 1233
706 723
109 111
1328 1329
593 600
291 295
1368 1376
966 974
382 389
1103 1112
563 577
139 144
1286 1294
398 421
1085 1089
1340 1344
1294 1297
842 857
1143 1149
440 443
657 660
1214 1215
204 224
958 966
1268 1270
1092 1095
527 538
1100 1103
723 732
421 422
887 909
69 84
1159 1169
9 10
1416 1421
308 324
1272 1275
467 481
1252 1268
1149 1158
160 164
857 858
1026 1042
738 746
268 271
1317 1319
1169 1170
1384 1393
100 47
1142 1146
1356 1360
382 394
431 434
69 70
665 668
915 916
86 89
1298 1312
549 555
1391 1397
1042 1051
255 256
1222 1229
510 511
330 332
836 860
637 642
39 44
529 532
956 961
1198 1208
437 439
1013 1019
323 330
500 503
1417 1424
590 599
222 225
101 104
1181 1196
972 974
832 836
225 238
1094 1106
1140 1142
1402 1417
79 80
33 38
741 759
544 549
799 806
240 255
152 162
994 1005
734 739
642 650
862 863
974 985
1430 1440
947 953
1401 1402
821 831
471 477
618 622
257 261
1074 1079
1397 1399
1137 1139
322 323
1324 1328
874 879
318 322
1241 1242
776 781
1378 1381
885 893
632 634
479 481
1157 1159
511 517
180 186
1079 1080
1110 1112
1331 1332
831 832
1267 1280
1399 1401
990 994
481 483
1266 1267
186 192
879 881
470 471
1280 1288
1208 1222
483 484
1060 1074
652 665
1112 1123
739 740
130 131
109 110
277 280
261 263
133 136
147 150
567 568
679 683
532 536
568 570
699 714
151 152
5 9
971 972
484 488
860 862
286 294
1168 1178
684 694
773 776
394 400
70 79
555 556
311 313
608 612
626 627
44 69
740 741
434 437
310 311
1139 1140
1196 1198
313 318
120 130
1263 1266
798 799
793 794
881 885
1259 1263
162 167
105 109
464 470
20 33
110 111
238 240
13 17
1131 1137
1123 1125
683 684
12 13
1012 1013
1296 1298
80 83
352 353
1022 1028
1028 1033
75 18
164 173
269 271
61 63
579 585
732 738
329 335
474 475
1284 1302
63 65
864 866
926 934
1239 1241
683 684
934 942
980 982
22 25
1076 1084
35 37
353 354
1213 1215
948 949
384 389
647 658
860 864
1026 1068
841 848
13 15
715 721
497 515
192 195
461 462
693 697
282 284
761 762
268 269
1302 1311
546 547
616 626
285 286
684 691
19 22
1205 1208
659 664
762 764
922 926
1101 1105
31 33
908 911
704 707
853 856
1134 1135
253 255
493 495
462 469
1193 1194
1163 1167
437 453
1135 1144
626 630
233 236
1223 1226
974 980
259 263
46 54
691 693
1241 1244
368 384
397 418
25 31
1002 1004
427 434
418 420
949 960
1341 1371
286 288
1096 1101
313 326
519 525
858 860
43 46
1074 1075
604 606
900 908
856 858
596 601
358 362
1249 1260
366 368
917 922
362 365
1013 1020
817 821
15 19
44 16
932 935
1061 1085
143 150
1056 1061
332 356
978 988
930 932
649 651
169 171
291 297
1097 1098
1168 1172
1324 1334
1251 1252
356 362
942 967
842 846
368 371
552 567
1232 1239
1148 1153
1035 1041
870 895
1402 1403
1098 1102
1246 1249
967 976
1030 1035
1185 1190
325 326
262 280
1334 1343
306 316
1315 1324
1280 1286
836 840
1164 1166
317 325
1403 1412
197 202
1416 1428
851 861
864 870
1134 1143
540 552
702 709
1269 1273
1212 1221
330 332
150 152
1265 1266
1190 1193
362 365
1085 1090
1049 1055
412 418
623 631
1393 1402
171 197
1293 1308
0 92
111 118
362 375
225 226
704 705
1122 1138
154 176
558 561
13 37
1323 1336
943 950
676 683
1184 1185
846 862
1066 1074
973 989
339 344
344 353
485 491
433 437
624 631
71 81
698 704
332 339
1116 1122
267 268
615 619
513 526
1108 1116
728 736
1368 1369
356 362
288 292
1205 1206
200 210
81 82
375 386
428 433
999 1002
292 315
904 910
37 38
748 755
972 973
142 154
1089 1097
447 452
551 558
6 13
1002 1005
862 868
59 69
1355 1368
1291 1292
561 564
545 546
588 609
386 400
1156 1160
772 782
1185 1190
569 588
1074 1089
1213 1217
736 738
89 96
443 447
315 321
1336 1345
1227 1233
827 829
271 275
2 6
1388 1410
479 484
950 958
812 819
755 759
1138 1149
1303 1320
82 88
38 42
965 972
96 111
764 772
210 211
243 247
1190 1193
275 288
647 649
1064 1066
794 803
184 199
2 0
1080 1430
10 360
65 81
851 853
601 605
375 382
146 166
236 243
1401 1405
996 997
189 194
1109 1112
277 285
1277 1280
1205 1207
679 688
1252 1256
221 222
575 578
846 851
472 479
825 832
404 408
1319 1324
651 657
261 263
1106 1109
397 404
47 57
908 914
1026 1031
1117 1123
788 794
432 435
316 326
37 41
955 962
227 229
721 734
1406 1436
4 15
882 883
300 302
630 646
1059 1063
841 844
844 846
816 819
751 764
78 79
736 751
1356 1361
338 348
285 300
79 83
764 770
568 569
619 623
356 357
250 256
104 112
832 833
313 316
489 492
514 522
689 691
1377 1379
1021 1022
937 941
1399 1400
270 272
266 267
235 236
593 595
87 89
41 47
408 409
1266 1277
23 28
838 840
500 504
804 805
1395 1396
834 835
1437 1440
504 505
19 23
941 944
734 736
523 532
870 876
224 227
1226 1227
532 535
1207 1217
456 457
371 373
413 423
1314 1316
1128 1136
1197 1205
565 568
556 565
1112 1117
1396 1399
1388 1395
1008 1015
179 187
1024 1025
657 671
580 584
303 313
914 916
1248 1250
1379 1388
1436 1437
1351 1356
365 369
112 118
1015 1019
1051 1056
1 2
353 356
369 371
1161 1162
267 270
57 62
1152 1161
1300 1304
1280 1293
835 838
904 908
83 87
623 624
198 201
1063 1067
1067 1069
883 886
409 410
327 329
454 456
28 33
1165 1167
949 953
899 900
867 868
166 179
222 224
917 920
45 2
696 710
754 759
61 86
929 934
1409 1429
732 738
538 600
1334 1345
1164 1172
314 319
600 607
264 265
738 754
1218 1223
1096 1123
1369 1372
634 644
1090 1096
519 525
319 343
678 690
1317 1324
1211 1212
1196 1211
954 973
47 61
797 892
518 519
654 658
86 114
1023 1024
1089 1090
896 912
1062 1068
1325 1333
488 518
769 782
458 477
710 731
527 538
431 439
439 458
525 527
892 896
1035 1036
1010 1016
487 488
1 21
40 44
101 105
1428 1429
546 549
1218 1225
1044 1055
549 552
1157 1158
1356 1363
339 340
356 370
132 143
1363 1367
537 539
1242 1247
143 144
1262 1268
415 423
711 713
953 954
1123 1150
355 356
23 74
706 711
1335 1337
785 789
615 619
1433 1440
1155 1162
111 117
1162 1167
619 625
176 180
1127 1128
214 220
952 962
1185 1200
880 887
242 243
416 421
732 734
1008 1015
747 749
994 996
976 977
29 31
1024 1029
1413 1419
1211 1213
430 435
843 852
31 40
1029 1032
817 819
765 770
1384 1393
1269 1288
1052 1060
683 688
306 319
1015 1019
907 909
1411 1412
121 128
842 843
721 732
180 188
40 47
133 137
1128 1133
838 842
161 162
973 976
926 927
403 404
1353 1373
386 387
1167 1169
836 838
752 753
751 752
470 472
566 573
1133 1135
677 678
1006 1008
20 27
877 880
435 442
226 232
155 158
65 70
784 785
757 760
83 85
1308 1310
1037 1043
234 239
458 460
398 401
696 703
90 111
1088 1096
147 149
1375 1378
1213 1231
753 756
659 663
789 795
261 268
988 989
829 832
71 77
1086 1088
1258 1263
457 458
188 189
397 398
546 547
989 992
24 72
1102 1111
1112 1114
1244 1245
804 815
738 753
1095 1098
1036 1040
152 159
535 545
143 147
38 42
702 729
984 995
491 504
1282 1284
1228 1230
874 881
1309 1321
533 535
998 1004
167 172
1069 1095
626 640
249 254
227 237
1029 1036
1384 1387
611 615
273 286
311 317
969 974
675 680
1294 1297
35 37
590 601
60 66
974 980
1227 1228
256 265
1368 1370
615 620
113 121
1392 1394
753 759
1098 1099
1358 1360
241 246
344 355
1338 1348
695 699
121 122
1274 1282
559 566
1297 1309
1370 1374
1284 1286
427 438
793 795
1335 1338
472 482
1426 1428
662 663
1040 1047
587 590
1363 1368
881 889
889 892
1286 1294
1435 1439
566 578
1428 1434
1360 1363
547 553
1379 1384
1185 1193
1111 1112
1439 1440
162 167
553 559
42 60
343 344
1099 1102
270 273
957 962
7 13
1047 1068
1245 1247
995 998
1410 1425
511 522
246 249
386 388
1172 1181
641 642
608 611
1150 1166
6 41
649 674
166 187
878 889
607 637
1430 1440
196 226
889 893
606 607
164 166
685 729
226 227
1343 1381
873 878
1312 1330
893 897
453 462
142 144
837 841
729 732
934 944
912 934
1205 1225
568 606
1415 1430
897 912
1115 1119
1277 1312
1269 1277
462 464
25 51
127 142
187 189
516 556
1139 1146
1330 1332
1051 1089
1146 1174
62 84
111 120
944 957
637 639
51 62
674 685
976 1051
1181 1205
1332 1343
358 402
0 2
1080 1440
0 360
0 2
10 360
1080 1440
2 0
1439 1440
0 1
97 71
238 239
110 117
1003 1006
1335 1344
695 710
970 978
371 376
961 963
414 418
1069 1073
740 741
1232 1235
384 385
178 181
393 396
28 31
1123 1124
1018 1022
1202 1208
260 266
638 643
1216 1217
213 230
134 135
288 290
432 434
741 744
26 28
1086 1090
780 798
644 651
1144 1145
1408 1412
84 98
331 338
748 759
710 713
903 913
4 17
1398 1400
412 414
443 444
674 675
814 815
689 690
862 875
1304 1311
1154 1173
538 540
759 762
149 155
913 919
1288 1304
919 928
1323 1332
1022 1036
537 538
736 740
1311 1322
434 438
296 299
954 957
721 734
107 109
390 393
547 554
1402 1408
557 568
239 252
1344 1346
529 537
1145 1147
820 822
318 320
1090 1098
17 19
290 296
978 979
997 1003
635 638
519 522
812 814
74 78
155 157
613 626
1350 1358
856 858
586 591
1073 1077
1332 1333
1017 1018
890 897
1270 1280
1060 1065
1280 1288
268 273
300 302
568 586
376 379
1237 1241
230 237
266 268
324 331
643 644
83 84
382 384
798 804
1082 1086
66 74
1358 1383
715 721
1396 1398
979 989
851 856
181 207
348 350
78 83
507 519
122 128
1241 1259
1208 1216
626 635
540 546
364 371
772 780
602 605
1400 1402
287 288
675 681
418 430
276 287
804 805
546 547
207 213
858 860
309 318
1044 1060
387 388
117 122
464 473
834 843
19 26
1413 1430
1134 1142
899 903
1006 1017
957 961
320 324
109 110
1235 1237
1036 1044
351 355
671 674
1262 1270
355 362
157 161
1217 1232
1437 1440
31 38
379 382
713 715
592 595
473 475
399 401
1259 1261
462 464
161 176
475 477
87 91
358 360
191 200
906 907
859 860
618 640
819 820
928 932
301 305
1202 1203
588 613
1200 1202
280 285
29 36
1263 1268
705 711
522 523
456 458
1426 1434
1141 1151
1252 1255
533 554
942 949
1024 1028
1255 1257
200 204
750 758
49 50
131 145
501 503
1090 1096
1291 1301
830 831
464 465
1052 1058
806 812
90 98
1048 1052
465 466
798 799
378 381
722 726
466 476
1063 1064
461 464
758 791
1155 1166
368 370
57 67
899 906
503 505
581 582
50 57
1434 1435
98 102
119 121
476 480
384 388
824 830
264 266
862 863
37 49
414 417
328 333
505 510
1096 1099
496 499
67 81
907 913
1028 1029
102 106
324 325
10 17
484 496
703 705
360 363
711 712
655 657
569 581
953 966
855 858
523 533
1074 1076
1422 1426
1134 1141
1339 1347
554 568
480 484
925 926
966 968
812 815
121 124
1173 1178
257 264
245 255
1417 1422
860 862
111 119
1076 1090
1034 1039
971 973
418 420
211 212
1020 1021
973 980
913 917
204 211
311 317
1099 1102
1151 1155
1005 1010
109 111
1010 1016
1327 1339
1237 1250
1301 1314
1401 1405
980 983
285 295
17 29
240 245
1021 1024
1278 1279
1287 1291
1016 1020
225 229
657 662
858 859
651 655
397 406
1122 1128
499 501
388 390
516 522
1058 1063
741 743
1257 1262
229 232
712 713
743 749
927 928
1410 1417
926 927
1029 1034
1314 1327
145 150
932 935
1204 1207
863 899
8 10
6 8
124 131
662 663
333 352
357 358
1396 1398
1183 1200
1227 1237
713 720
158 162
352 357
1250 1252
417 418
36 37
935 942
693 703
729 741
106 107
1405 1406
382 384
266 280
839 855
1279 1287
390 397
510 516
1047 1048
420 456
834 835
568 569
9 28
1411 1433
212 220
1376 1392
456 471
244 259
970 1003
166 188
931 932
379 396
32 35
1262 1327
1335 1376
1139 1143
837 842
948 958
1334 1335
1203 1235
400 417
714 731
161 166
49 60
1017 1024
220 232
471 472
1143 1179
259 275
528 553
844 848
1073 1096
742 744
855 887
417 443
358 362
60 67
633 645
396 398
1036 1040
77 33
911 915
471 480
147 151
1282 1284
661 670
1123 1126
1057 1058
164 172
1068 1071
1376 1381
870 872
1146 1154
985 989
639 644
880 887
716 722
1405 1412
542 549
1079 1089
1312 1314
418 419
1208 1214
753 765
1265 1266
888 889
1415 1417
891 899
843 857
981 985
403 404
302 304
433 434
143 147
573 581
1047 1057
198 202
566 567
1190 1194
434 436
1161 1163
78 81
186 198
1315 1333
206 211
872 880
1129 1136
967 970
151 160
786 787
935 942
501 508
445 450
738 742
1284 1289
710 712
712 714
673 676
996 1005
803 808
865 867
1028 1030
461 471
1392 1405
277 279
1431 1440
636 639
857 858
379 386
825 827
419 421
333 334
1154 1159
1094 1105
1353 1358
1017 1022
1336 1338
1232 1234
1214 1217
235 238
404 407
989 996
890 891
1076 1078
270 273
36 39
160 164
1163 1164
540 542
534 537
787 797
1089 1091
889 890
776 783
1030 1043
296 301
590 600
1414 1415
508 517
176 186
527 533
43 50
301 302
353 379
733 738
1281 1282
607 618
1136 1146
121 143
644 646
1412 1414
93 74
1289 1290
1155 1160
1234 1240
13 16
443 444
1055 1056
1286 1289
175 189
1126 1127
1000 1006
319 322
252 253
1147 1151
120 129
1031 1037
582 584
262 265
965 966
16 20
346 349
667 671
1078 1086
1044 1046
345 346
768 773
1240 1243
1060 1061
119 120
497 504
619 629
1366 1377
738 739
414 431
266 269
329 330
465 483
558 562
1061 1062
1296 1308
99 109
1263 1265
775 779
349 352
1204 1207
912 915
847 852
1200 1204
375 381
615 619
1390 1391
273 280
1023 1031
791 795
1265 1271
1308 1314
207 208
1111 1118
161 166
726 735
441 443
562 569
1363 1366
1161 1167
1212 1217
456 459
522 523
699 707
80 81
861 867
198 200
398 407
1195 1197
1048 1049
219 237
1091 1093
356 364
805 811
353 356
328 329
208 219
1383 1384
1160 1161
1120 1125
488 497
1125 1126
964 965
871 879
1021 1023
1323 1327
88 89
407 414
903 906
1406 1411
1046 1048
73 75
1172 1173
556 558
922 923
660 667
1243 1245
387 391
547 554
70 73
202 204
960 961
1188 1190
272 273
899 902
514 519
54 59
954 959
316 319
888 897
651 660
813 836
1099 1103
707 710
1008 1012
1068 1076
431 436
761 768
926 949
504 505
34 35
584 590
65 70
1006 1008
629 649
1350 1354
716 718
852 861
795 798
689 699
305 311
1336 1338
1190 1195
1197 1200
966 977
311 315
59 64
898 899
902 903
299 305
998 999
1391 1394
11 13
322 328
166 169
109 117
507 510
391 396
447 448
364 375
1118 1120
169 175
149 153
718 721
1394 1406
381 385
352 353
81 87
773 774
1360 1363
1344 1347
237 246
774 775
89 99
61 27
1366 1369
185 186
1102 1110
1067 1069
1337 1339
724 725
656 673
1281 1282
994 998
129 144
18 25
1090 1100
1056 1067
1162 1173
421 423
354 355
1396 1401
1148 1161
851 853
599 609
302 328
558 560
59 62
536 545
1040 1046
117 120
588 593
426 429
410 416
157 159
1161 1162
586 588
522 526
1369 1384
705 709
1414 1418
95 106
328 333
1273 1281
336 345
687 700
150 157
144 146
266 280
701 705
682 687
1247 1249
857 860
759 765
1048 1056
380 387
853 856
1216 1218
94 95
774 800
1358 1365
1336 1337
262 266
613 617
560 583
348 352
252 258
352 354
552 557
976 994
860 866
191 193
1110 1118
246 252
915 918
583 586
765 774
711 715
526 535
1309 1314
159 170
535 536
629 656
201 202
751 759
677 682
521 522
202 203
545 552
742 746
1088 1090
1243 1247
25 26
29 11
909 913
560 568
568 575
1275 1289
557 560
552 557
575 579
874 897
32 36
1017 1042
689 717
804 805
1064 1084
601 610
1335 1339
1194 1200
783 784
930 959
501 506
525 538
579 588
668 671
1171 1175
110 117
863 870
264 269
1340 1347
763 769
1330 1335
1209 1236
999 1000
733 744
538 545
679 686
589 601
140 150
1010 1011
897 900
907 909
51 52
0 2
180 540
541 901
1 100
557 559
495 497
68 76
581 593
1195 1214
1062 1065
1055 1058
821 824
264 270
1337 1341
311 312
1318 1325
1216 1219
1022 1025
857 858
270 282
718 727
125 127
419 424
42 45
764 765
242 244
226 229
1073 1075
150 163
258 259
567 571
4 7
520 523
628 631
240 242
111 121
1356 1357
1180 1185
1264 1266
1379 1382
730 733
1257 1262
180 187
1429 1439
1044 1046
1189 1192
1099 1103
658 665
654 658
498 516
549 552
744 750
895 898
962 967
121 123
765 768
742 744
137 139
649 650
1227 1231
517 520
1016 1022
682 688
303 304
123 125
1000 1005
1005 1006
1031 1032
1315 1318
452 453
1118 1119
832 834
947 948
1439 1440
1077 1086
795 803
13 20
1046 1054
145 149
460 461
1415 1421
229 230
824 832
899 908
894 895
1103 1104
1307 1310
187 192
286 291
350 351
1054 1055
1406 1409
343 348
1146 1151
41 42
1231 1236
776 783
646 647
807 808
1286 1290
1092 1093
209 214
842 851
104 110
768 769
15 45
1328 1333
1112 1116
745 751
674 679
209 216
120 150
318 333
1365 1388
958 960
73 78
689 712
216 222
768 782
1228 1230
8 16
59 73
767 768
223 225
29 30
803 808
1346 1365
1077 1081
200 201
1413 1415
887 896
204 209
520 522
717 723
872 885
442 443
1210 1216
1415 1417
960 962
1126 1144
988 993
679 689
291 318
1292 1305
366 378
659 665
585 603
503 506
354 366
1003 1056
1422 1428
166 200
433 436
865 866
817 834
1407 1408
201 204
230 236
333 336
1408 1412
869 870
853 865
885 887
939 946
1315 1316
150 158
6 67
667 677
920 921
730 748
1262 1265
377 381
474 480
422 430
765 767
1 4
663 667
366 371
1302 1310
1185 1221
1127 1142
177 182
1126 1127
1099 1107
1112 1126
1142 1147
1265 1280
641 647
1320 1331
541 547
770 782
1241 1243
514 523
42 48
1374 1395
131 133
935 936
558 566
156 158
295 304
357 366
381 382
454 469
19 24
447 448
338 341
55 67
716 730
109 110
898 902
865 876
1367 1370
579 606
555 558
922 924
169 177
110 117
1337 1356
1077 1079
304 310
1243 1259
1331 1335
1063 1077
376 377
611 625
69 71
480 492
71 86
1147 1156
975 993
334 338
330 334
1156 1161
1079 1087
102 109
24 26
145 156
876 898
767 770
430 431
84 29
1358 1360
901 912
295 299
1065 1067
1303 1305
119 129
703 708
585 592
567 572
592 594
267 269
184 188
1169 1174
153 171
337 339
811 812
1261 1262
479 481
1237 1239
516 518
1418 1419
958 960
1098 1116
1227 1229
22 23
827 830
171 184
541 546
448 454
628 636
226 229
1302 1303
1038 1046
359 364
1369 1370
755 769
5 15
653 665
1310 1316
1117 1124
1125 1133
778 792
967 988
1145 1146
481 492
1205 1206
41 42
1425 1429
229 240
997 1004
1357 1358
1088 1093
1176 1184
838 844
145 151
674 677
286 288
1378 1380
364 365
339 347
277 280
611 624
512 516
1245 1247
1296 1302
1046 1048
805 807
189 194
1095 1097
241 246
492 495
1124 1125
134 140
818 827
681 685
1146 1158
315 320
812 818
1229 1233
427 434
1048 1052
754 755
609 610
1061 1063
892 896
1063 1065
1185 1190
835 838
884 888
636 646
830 833
1281 1295
34 41
915 920
1214 1217
368 369
685 688
369 375
792 805
1004 1017
1360 1369
1158 1159
320 323
807 811
834 835
716 722
336 337
914 915
2 5
288 295
922 927
960 964
188 189
16 66
1010 1018
862 863
754 787
35 43
405 410
503 504
142 145
209 235
56 66
676 690
43 56
106 118
66 73
858 862
206 207
1167 1174
1270 1306
1104 1118
1422 1423
736 737
866 871
145 154
1261 1270
512 520
1306 1323
504 512
1176 1180
1234 1246
593 604
1185 1188
1246 1260
972 979
134 135
787 791
806 810
871 882
737 752
121 134
793 806
574 587
73 77
938 944
817 828
1174 1176
539 553
411 420
984 989
652 654
534 539
1335 1352
533 534
810 817
882 884
904 912
102 103
135 142
1182 1183
913 914
77 102
645 652
242 246
965 972
932 938
665 676
177 188
154 159
591 593
294 337
690 693
1423 1440
1260 1261
693 694
1129 1135
173 177
888 889
1369 1390
1224 1234
451 491
207 209
791 793
168 173
1323 1324
14 57
865 869
570 574
1232 1237
102 103
574 577
1034 1036
148 161
755 756
811 825
1135 1137
1349 1353
672 675
186 192
1083 1089
601 610
826 828
1137 1149
650 651
1062 1065
760 780
1336 1341
624 626
828 832
927 929
734 748
581 586
482 496
1010 1016
29 38
792 803
1043 1062
692 698
1292 1294
176 178
170 172
44 49
1362 1369
1204 1205
455 456
923 927
409 418
1341 1345
1066 1067
529 534
626 627
1394 1414
1213 1214
610 612
1242 1244
1172 1179
612 624
1203 1204
654 672
903 906
647 650
709 730
1345 1349
1162 1172
1152 1162
1323 1328
1089 1093
301 314
375 381
404 405
201 205
512 517
915 923
465 468
983 999
1126 1129
1122 1124
66 64
816 817
928 969
641 651
88 105
817 821
436 438
274 280
1346 1353
860 862
886 895
1396 1404
409 413
11 17
386 399
1221 1226
867 871
247 255
667 678
447 469
862 867
1026 1059
333 345
1274 1282
587 589
1404 1413
64 71
362 364
1083 1096
611 620
718 729
1080 1083
694 712
1163 1169
1077 1080
1131 1136
402 405
563 566
115 122
1288 1290
111 113
71 72
666 667
978 997
774 777
1297 1308
1273 1274
405 409
1006 1014
368 383
1245 1254
1107 1108
174 180
1339 1342
233 234
729 734
110 111
17 37
878 885
1393 1394
535 536
1282 1285
531 533
1344 1345
659 662
589 611
997 1001
761 765
530 531
354 356
1123 1131
1290 1297
789 792
807 813
1061 1064
921 923
183 185
1308 1311
813 816
122 163
105 110
163 168
260 261
620 625
765 766
504 515
1001 1003
1014 1021
44 46
835 845
1285 1288
885 886
662 666
261 268
1003 1006
79 83
357 359
760 761
552 558
356 357
651 659
432 436
923 928
678 685
493 504
72 79
625 627
1195 1196
770 774
1064 1076
1181 1189
769 770
1205 1221
1076 1077
364 368
307 312
113 115
821 830
874 877
712 716
399 402
316 333
1373 1391
969 978
1191 1194
312 313
640 641
313 316
871 874
1413 1414
1414 1424
35 68
359 363
95 96
680 683
1038 1044
289 322
1044 1046
484 487
497 502
684 695
261 283
193 194
502 517
791 795
1224 1261
34 36
37 40
56 71
811 817
1057 1064
25 34
1102 1113
597 599
53 56
910 944
1196 1214
406 414
283 289
645 666
354 359
1113 1126
1092 1100
871 898
177 189
695 697
159 177
213 215
898 905
819 825
1037 1038
1220 1224
427 428
417 427
599 606
366 385
725 726
391 396
75 95
1136 1147
254 258
396 406
549 570
721 724
1195 1196
795 811
947 953
1275 1285
1147 1153
108 126
606 645
1381 1383
570 587
789 791
817 819
1171 1195
777 789
157 159
711 721
905 910
1341 1343
364 366
71 75
1046 1055
944 947
1162 1171
345 354
322 334
750 751
1261 1268
1100 1102
334 345
441 447
1387 1395
1383 1385
447 450
452 461
1064 1092
258 261
1343 1356
724 725
461 484
994 1011
709 711
1395 1408
751 761
450 452
1364 1367
870 871
1408 1416
493 497
251 254
1011 1037
1055 1057
953 969
80 17
498 500
340 341
932 934
1315 1316
1194 1210
1125 1142
304 312
902 908
468 475
1385 1394
268 274
1174 1191
992 996
187 191
466 468
632 643
1009 1014
182 187
324 327
492 493
927 932
1000 1009
80 85
430 434
1298 1315
1094 1098
1023 1026
1191 1194
653 672
1047 1053
953 965
791 798
551 555
648 653
208 214
1333 1334
843 850
280 297
244 248
312 314
815 818
1402 1413
584 587
1396 1402
875 898
1210 1258
986 990
570 584
174 182
352 353
710 718
125 148
1115 1125
341 352
819 823
787 791
489 492
408 422
154 169
784 787
998 1000
1427 1435
477 485
36 37
1053 1065
71 77
1435 1438
449 466
919 926
1027 1039
23 35
207 208
169 174
1040 1043
1423 1427
730 734
838 843
407 408
475 477
818 819
120 125
77 79
1043 1047
1379 1385
1014 1023
1113 1115
530 538
855 865
1296 1298
149 150
101 114
1338 1349
1026 1027
1162 1167
1039 1040
676 691
114 116
43 77
36 44
768 778
1242 1243
1035 1036
981 983
937 942
45 48
539 546
565 577
1296 1302
822 831
70 73
1095 1111
446 447
448 451
671 676
704 707
813 815
1122 1125
151 152
1203 1204
149 151
190 191
616 626
233 243
1061 1064
918 924
1071 1073
519 526
1289 1292
421 422
44 45
836 841
1204 1205
1158 1166
579 585
174 177
1398 1401
1113 1120
133 139
745 750
983 1009
148 149
436 440
255 263
895 904
1205 1212
1302 1303
948 951
962 963
595 598
1018 1022
139 145
1218 1223
1083 1085
585 586
158 160
532 537
478 488
553 556
273 282
963 966
880 883
862 880
831 836
1396 1398
493 498
1295 1296
707 714
191 198
716 720
1197 1201
29 35
1009 1013
1370 1387
1350 1355
799 801
100 104
526 529
1223 1234
1148 1149
1421 1439
558 565
548 551
452 456
784 791
1038 1056
1251 1258
1420 1421
253 255
1073 1078
229 231
598 604
1125 1126
1056 1057
306 312
1411 1414
297 306
404 410
1078 1083
209 213
387 388
1064 1068
515 519
53 63
315 318
447 448
1120 1122
676 683
1157 1158
1249 1251
1085 1087
19 24
498 500
410 411
730 734
1307 1311
399 400
420 421
177 183
25 20
226 230
1346 1347
377 383
1199 1202
376 377
479 487
90 92
815 816
1160 1163
1344 1346
131 142
994 1001
1413 1416
402 409
10 11
53 63
96 113
704 707
89 90
1163 1179
1130 1134
992 994
11 14
1097 1104
448 461
416 420
1021 1022
785 788
1375 1381
1343 1344
69 89
941 943
1084 1091
392 402
274 279
1202 1205
273 274
189 194
113 119
1104 1124
929 930
928 929
1050 1053
436 440
462 464
100 100
94 95
16 17
160 161
58 59
176 177
196 197
14 15
162 163
104 105
78 79
86 87
92 93
38 39
112 113
18 19
2 3
114 115
182 183
102 103
52 53
96 97
64 65
8 9
42 43
68 69
184 185
150 151
152 153
44 45
82 83
168 169
106 107
154 155
50 51
192 193
132 133
178 179
62 63
54 55
118 119
100 101
6 7
4 5
126 127
80 81
74 75
0 1
98 99
120 121
72 73
34 35
188 189
76 77
186 187
32 33
12 13
46 47
158 159
48 49
142 143
180 181
40 41
194 195
22 23
170 171
26 27
30 31
90 91
164 165
156 157
110 111
134 135
20 21
166 167
36 37
198 199
10 11
56 57
122 123
128 129
190 191
124 125
172 173
70 71
24 25
146 147
108 109
138 139
28 29
130 131
140 141
148 149
116 117
60 61
84 85
66 67
136 137
88 89
144 145
174 175
282 283
378 379
308 309
386 387
326 327
248 249
206 207
348 349
388 389
396 397
222 223
302 303
230 231
328 329
346 347
218 219
200 201
294 295
240 241
274 275
344 345
278 279
332 333
370 371
208 209
268 269
366 367
306 307
280 281
360 361
252 253
340 341
350 351
244 245
382 383
284 285
334 335
242 243
272 273
276 277
362 363
316 317
372 373
260 261
368 369
310 311
320 321
232 233
228 229
262 263
236 237
394 395
246 247
250 251
254 255
304 305
312 313
224 225
202 203
210 211
358 359
322 323
290 291
392 393
398 399
266 267
258 259
226 227
314 315
330 331
238 239
286 287
374 375
324 325
256 257
336 337
354 355
390 391
264 265
234 235
220 221
298 299
292 293
364 365
214 215
380 381
270 271
212 213
356 357
300 301
296 297
204 205
342 343
338 339
376 377
288 289
352 353
318 319
384 385
216 217
83 28
401 408
529 537
1152 1165
219 221
760 762
564 574
1401 1405
434 435
1229 1231
197 203
88 92
164 166
637 652
251 256
163 164
134 137
1313 1318
1302 1307
1108 1114
973 977
1048 1054
807 812
1231 1239
767 769
77 88
394 395
1139 1144
1098 1108
752 757
204 214
769 786
239 245
203 204
704 709
986 990
274 275
659 675
1165 1166
598 628
154 163
1222 1229
1019 1024
178 188
1061 1062
216 219
346 347
1129 1134
861 863
435 440
970 973
1186 1200
847 860
1062 1090
427 434
757 759
1386 1389
926 938
911 926
795 807
166 177
1340 1345
385 394
1095 1098
629 632
966 970
1003 1008
1024 1034
517 522
1178 1183
246 247
245 246
150 151
256 258
843 846
188 197
1183 1186
513 517
1345 1350
454 476
137 138
790 793
1318 1340
1034 1035
812 819
1054 1061
1350 1352
1433 1434
1406 1433
224 227
762 767
732 736
484 499
1301 1302
694 704
657 659
448 454
297 315
330 338
1434 1440
409 416
1216 1222
990 1003
315 322
709 724
1277 1280
408 409
1114 1123
522 529
793 795
678 692
1214 1216
0 2
540 900
179 539
55 6
469 481
1097 1123
657 662
1123 1139
942 963
78 87
139 141
677 696
69 71
1218 1223
1154 1156
71 78
1359 1366
963 974
612 626
728 735
738 742
109 110
440 453
1270 1271
998 1006
91 97
765 766
110 111
1287 1303
341 351
776 784
786 787
1081 1097
932 935
97 108
131 134
1349 1351
288 296
379 393
1006 1012
151 161
170 188
1400 1414
766 776
1233 1236
857 871
1414 1440
1340 1345
229 231
1215 1218
1303 1340
806 832
1351 1358
284 288
875 878
914 919
305 334
735 738
1068 1072
1223 1226
1182 1215
17 29
696 700
1374 1387
594 598
35 84
734 739
489 490
1057 1064
148 150
1163 1174
698 699
610 612
469 476
145 148
732 734
476 477
1018 1019
727 729
1204 1213
339 347
278 279
938 943
580 585
1243 1246
453 454
1410 1414
1285 1286
920 921
680 692
1334 1335
1420 1421
200 202
1098 1105
242 245
746 750
350 353
299 300
324 328
165 178
1371 1372
1001 1004
477 478
1052 1054
1336 1341
950 951
659 663
864 869
1341 1346
490 493
12 15
1346 1354
795 797
1262 1266
599 605
506 517
839 842
483 485
47 48
364 366
1432 1433
1213 1214
529 535
831 834
139 145
951 960
1266 1268
826 827
1178 1181
452 453
1284 1285
437 440
572 575
1230 1231
552 560
48 51
1421 1422
1012 1018
830 831
643 644
1105 1114
366 370
619 621
93 121
750 752
26 27
1369 1371
1404 1410
783 795
370 372
650 651
1232 1237
279 285
612 619
388 397
1399 1401
127 139
1286 1291
1329 1334
815 826
775 783
943 950
878 889
560 572
1223 1230
261 264
771 775
178 182
1381 1382
973 978
760 763
1414 1420
1291 1292
994 998
1422 1423
549 552
898 910
677 680
827 830
701 707
397 398
1065 1074
182 186
577 580
1007 1012
2 0
10 360
1079 1429
56 29
1342 1378
367 384
1330 1342
809 818
1378 1384
1132 1144
135 145
986 991
446 447
702 707
1059 1060
471 479
62 75
253 258
551 570
1176 1179
445 446
1041 1051
1403 1415
778 809
1265 1267
1397 1403
1080 1083
1088 1100
919 953
1267 1272
1 18
110 112
299 303
514 520
267 284
956 978
1153 1169
830 838
114 122
755 758
18 22
384 387
991 999
463 471
1249 1250
761 768
258 267
106 110
1021 1041
999 1021
978 986
244 253
432 445
334 358
1250 1262
47 62
870 876
643 656
1315 1317
697 698
1179 1206
1083 1088
520 551
723 755
876 888
1262 1264
415 432
630 637
1317 1330
289 299
1229 1249
112 114
838 859
656 657
758 761
657 663
129 131
768 778
232 244
570 603
603 624
227 232
953 956
1272 1315
1051 1052
1171 1176
479 483
1100 1111
1169 1171
