100
4 4
1.4000
0.5000 0.7000 0.8000 0.6000
2 2
1.0000
0.0000 0.0000
2 1
0.0000
0.9000 0.8000
2 1
0.1000
0.4000 0.5000
50 49
0.0000
0.9999 0.9999 0.9999 0.9999 0.9999 0.9999 0.9999 0.9999 0.9999 0.9999 0.9999 0.9999 0.9999 0.9999 0.9999 0.9999 0.9999 0.9999 0.9999 0.9999 0.9999 0.9999 0.9999 0.9999 0.9999 0.9999 0.9999 0.9999 0.9999 0.9999 0.9999 0.9999 0.9999 0.9999 0.9999 0.9999 0.9999 0.9999 0.9999 0.9999 0.9999 0.9999 0.9999 0.9999 0.9999 0.9999 0.9999 0.9999 0.9999 0.9999
48 24
5.3375
0.9271 0.5657 0.0345 0.8012 0.1923 0.1367 0.3904 0.6502 0.8547 0.4379 0.5627 0.3817 0.6702 0.2356 0.5785 0.5675 0.0284 0.9873 0.2834 0.6578 0.1743 0.9245 0.4690 0.2677 0.8768 0.6249 0.0875 0.4259 0.9897 0.0768 0.1259 0.3668 0.8451 0.0931 0.2698 0.1481 0.2742 0.6906 0.2119 0.0974 0.9837 0.3110 0.4578 0.3379 0.5298 0.4796 0.7262 0.5594
45 33
0.0205
0.3288 0.5111 0.7172 0.4273 0.0608 0.5031 0.0324 0.6430 0.5132 0.1842 0.3977 0.5603 0.2246 0.1456 0.4312 0.9193 0.5176 0.6322 0.2251 0.6925 0.1392 0.3684 0.3952 0.6298 0.4027 0.9530 0.8386 0.1908 0.3477 0.5845 0.2166 0.7705 0.2384 0.2278 0.5578 0.8996 0.2200 0.6477 0.4637 0.9670 0.4723 0.5087 0.5713 0.2141 0.0050
2 1
0.0000
1.0000 1.0000
50 1
0.0000
1.0000 1.0000 1.0000 1.0000 1.0000 1.0000 1.0000 1.0000 1.0000 1.0000 1.0000 1.0000 1.0000 1.0000 1.0000 1.0000 1.0000 1.0000 1.0000 1.0000 1.0000 1.0000 1.0000 1.0000 1.0000 1.0000 1.0000 1.0000 1.0000 1.0000 1.0000 1.0000 1.0000 1.0000 1.0000 1.0000 1.0000 1.0000 1.0000 1.0000 1.0000 1.0000 1.0000 1.0000 1.0000 1.0000 1.0000 1.0000 1.0000 1.0000
45 22
0.0039
0.1282 0.5304 0.1321 0.2528 0.0973 0.1252 0.0355 0.4038 0.3730 0.0897 0.8255 0.5748 0.7715 0.4526 0.4034 0.2249 0.9678 0.5794 0.8491 0.7997 0.5549 0.6684 0.4318 0.3907 0.7951 0.4701 0.8157 0.6645 0.6831 0.1727 0.6158 0.8319 0.2218 0.6252 0.2867 0.5063 0.2214 0.1352 0.4227 0.0569 0.1216 0.1253 0.4811 0.7601 0.7834
50 25
0.6901
0.5983 0.5160 0.3724 0.9926 0.8265 0.1842 0.0539 0.7744 0.8871 0.7951 0.9641 0.0863 0.8091 0.3337 0.0770 0.0857 0.2791 0.7205 0.9318 0.2108 0.6196 0.2187 0.1224 0.7417 0.7287 0.6915 0.6759 0.9438 0.5109 0.1090 0.2665 0.2215 0.7742 0.8733 0.0507 0.7255 0.3303 0.0932 0.3483 0.1761 0.2683 0.6598 0.2443 0.8764 0.3158 0.6986 0.3512 0.5154 0.1546 0.8928
46 21
7.5998
0.8472 0.0012 0.7740 0.1672 0.7386 0.8305 0.8341 0.8831 0.5366 0.7687 0.8857 0.5238 0.8924 0.3454 0.4770 0.6464 0.4528 0.7928 0.2765 0.2665 0.3268 0.8322 0.1909 0.8963 0.2055 0.3241 0.2230 0.8031 0.8519 0.2764 0.8237 0.6499 0.5972 0.3697 0.4304 0.1538 0.2120 0.3045 0.2723 0.0428 0.8002 0.5721 0.9898 0.4438 0.8045 0.4276
50 33
0.0094
0.4769 0.0064 0.9815 0.2719 0.4932 0.6223 0.9332 0.7350 0.1719 0.8006 0.2494 0.2923 0.8483 0.0550 0.5704 0.8449 0.1629 0.8243 0.5887 0.1344 0.4308 0.1146 0.3935 0.1600 0.1009 0.4418 0.7967 0.7405 0.4113 0.7547 0.5077 0.1623 0.2676 0.6462 0.4187 0.1466 0.1790 0.9844 0.7339 0.5266 0.8882 0.8095 0.6853 0.5653 0.5904 0.8308 0.9121 0.3333 0.7987 0.5945
49 32
0.0200
0.8248 0.1610 0.5863 0.5992 0.7176 0.3917 0.4344 0.5399 0.3253 0.2853 0.1717 0.5867 0.8804 0.6775 0.0102 0.7546 0.9822 0.0013 0.0791 0.0398 0.1583 0.3580 0.6294 0.0781 0.1765 0.4026 0.3303 0.3909 0.6600 0.9411 0.9960 0.0429 0.8184 0.1251 0.8082 0.2469 0.6287 0.7280 0.0599 0.3004 0.6774 0.0691 0.7555 0.5508 0.7489 0.4740 0.3997 0.2527 0.1187
47 14
0.0212
0.2245 0.5408 0.7828 0.1746 0.9131 0.0347 0.2203 0.5582 0.8045 0.8908 0.8663 0.2670 0.4815 0.9274 0.6754 0.4004 0.8372 0.3811 0.6705 0.7474 0.8097 0.3081 0.1897 0.4712 0.3134 0.0482 0.2609 0.6148 0.6295 0.3376 0.2864 0.1290 0.6266 0.9685 0.3728 0.8866 0.8705 0.6777 0.0925 0.0217 0.2484 0.1689 0.7480 0.3261 0.0143 0.2072 0.2878
45 18
20.7178
0.8968 0.5090 0.4009 0.0987 0.7331 0.2956 0.6863 0.9066 0.0730 0.4926 0.5153 0.7580 0.8920 0.1626 0.9499 0.7582 0.0149 0.5537 0.2940 0.5563 0.4198 0.6464 0.6876 0.6647 0.3704 0.6576 0.0709 0.7838 0.5692 0.1788 0.2519 0.5999 0.8704 0.5687 0.9640 0.1555 0.9154 0.0435 0.2495 0.0965 0.5524 0.5000 0.4911 0.0927 0.8937
49 46
19.9469
0.4728 0.1948 0.2090 0.8525 0.6562 0.9993 0.6966 0.9123 0.5872 0.2265 0.5985 0.5835 0.1459 0.8506 0.6647 0.9639 0.8639 0.6220 0.2548 0.1544 0.0661 0.5704 0.7477 0.4162 0.4013 0.6636 0.2295 0.8943 0.8200 0.7896 0.2538 0.0902 0.7655 0.3767 0.5608 0.1578 0.0404 0.6056 0.3334 0.2160 0.3049 0.7828 0.2521 0.2429 0.5239 0.3606 0.8225 0.2466 0.2770
50 50
0.0000
0.8700 0.8700 0.8700 0.8700 0.8700 0.8700 0.8700 0.8700 0.8700 0.8700 0.8700 0.8700 0.8700 0.8700 0.8700 0.8700 0.8700 0.8700 0.8700 0.8700 0.8700 0.8700 0.8700 0.8700 0.8700 0.8700 0.8700 0.8700 0.8700 0.8700 0.8700 0.8700 0.8700 0.8700 0.8700 0.8700 0.8700 0.8700 0.8700 0.8700 0.8700 0.8700 0.8700 0.8700 0.8700 0.8700 0.8700 0.8700 0.8700 0.8700
50 38
0.0093
0.3930 0.8944 0.9302 0.6674 0.3282 0.1275 0.3562 0.4655 0.4655 0.9647 0.5433 0.7411 0.9956 0.1911 0.2177 0.5738 0.2832 0.1452 0.2370 0.3385 0.2985 0.5348 0.8423 0.3508 0.6948 0.0795 0.4662 0.7256 0.9269 0.4321 0.2293 0.2048 0.9677 0.3886 0.6822 0.7448 0.8245 0.1747 0.8628 0.9621 0.9329 0.8235 0.1638 0.7014 0.7494 0.8888 0.2477 0.9300 0.0661 0.3486
45 28
0.0019
0.7393 0.7081 0.3592 0.2927 0.8428 0.1354 0.1373 0.8969 0.6247 0.6725 0.9997 0.6081 0.2211 0.8280 0.2003 0.5246 0.6698 0.8646 0.7728 0.1542 0.9043 0.0497 0.1035 0.9393 0.3934 0.3243 0.2193 0.0902 0.7082 0.1494 0.2453 0.6046 0.6006 0.9839 0.8622 0.4647 0.0760 0.4209 0.2853 0.9659 0.0809 0.2311 0.4047 0.3000 0.9694
50 25
1.0000
0.0000 0.0000 0.0000 0.0000 0.0000 0.0000 0.0000 0.0000 0.0000 0.0000 0.0000 0.0000 0.0000 0.0000 0.0000 0.0000 0.0000 0.0000 0.0000 0.0000 0.0000 0.0000 0.0000 0.0000 0.0000 0.0000 0.0000 0.0000 0.0000 0.0000 0.0000 0.0000 0.0000 0.0000 0.0000 0.0000 0.0000 0.0000 0.0000 0.0000 0.0000 0.0000 0.0000 0.0000 0.0000 0.0000 0.0000 0.0000 0.0000 0.0000
48 42
11.8660
0.2467 0.0422 0.6821 0.6305 0.4273 0.4820 0.9756 0.3875 0.2638 0.0848 0.1945 0.0683 0.2368 0.6357 0.8725 0.0005 0.5807 0.4802 0.3387 0.8277 0.8177 0.4328 0.1623 0.6035 0.6746 0.3706 0.6081 0.9264 0.9931 0.1630 0.0272 0.5116 0.4071 0.4174 0.9926 0.0006 0.7790 0.4000 0.9111 0.9627 0.2375 0.5353 0.7001 0.5600 0.7172 0.2000 0.0815 0.9177
45 16
0.0091
0.0683 0.2242 0.8784 0.7045 0.7166 0.9496 0.1557 0.4030 0.9229 0.8682 0.5048 0.9185 0.2754 0.0814 0.4049 0.7160 0.0453 0.7465 0.9004 0.2211 0.1903 0.8079 0.7088 0.9147 0.6501 0.1685 0.5314 0.7970 0.4758 0.9587 0.7378 0.5972 0.7385 0.5752 0.2560 0.8761 0.8266 0.2351 0.5129 0.3216 0.3003 0.8687 0.3136 0.5768 0.2547
49 18
0.0218
0.9334 0.0697 0.0256 0.6821 0.1566 0.9835 0.8499 0.8289 0.5251 0.9658 0.6687 0.5851 0.0975 0.1311 0.6927 0.0690 0.7921 0.2381 0.9003 0.2109 0.4400 0.6512 0.0324 0.7510 0.9707 0.4064 0.3194 0.9007 0.8156 0.8246 0.7968 0.4982 0.0704 0.7233 0.9002 0.2287 0.2605 0.6056 0.7790 0.6107 0.6058 0.2771 0.2687 0.0718 0.5218 0.1787 0.9524 0.6311 0.7096
50 50
0.0049
0.9999 0.9999 0.9999 0.9999 0.9999 0.9999 0.9999 0.9999 0.9999 0.9999 0.9999 0.9999 0.9999 0.9999 0.9999 0.9999 0.9999 0.9999 0.9999 0.9999 0.9999 0.9999 0.9999 0.9999 0.9999 0.9999 0.9999 0.9999 0.9999 0.9999 0.9999 0.9999 0.9999 0.9999 0.9999 0.9999 0.9999 0.9999 0.9999 0.9999 0.9999 0.9999 0.9999 0.9999 0.9999 0.9999 0.9999 0.9999 0.9999 0.9999
50 49
0.0050
0.9999 0.9999 0.9999 0.9999 0.9999 0.9999 0.9999 0.9999 0.9999 0.9999 0.9999 0.9999 0.9999 0.9999 0.9999 0.9999 0.9999 0.9999 0.9999 0.9999 0.9999 0.9999 0.9999 0.9999 0.9999 0.9999 0.9999 0.9999 0.9999 0.9999 0.9999 0.9999 0.9999 0.9999 0.9999 0.9999 0.9999 0.9999 0.9999 0.9999 0.9999 0.9999 0.9999 0.9999 0.9999 0.9999 0.9999 0.9999 0.9999 0.9999
48 47
0.0193
0.8230 0.1822 0.9412 0.8660 0.0212 0.0244 0.9118 0.8828 0.5959 0.7235 0.9479 0.7550 0.7128 0.9791 0.4677 0.9637 0.0148 0.2418 0.8802 0.2511 0.4719 0.6760 0.1946 0.1732 0.1549 0.2298 0.7923 0.7124 0.2362 0.9557 0.2949 0.8450 0.7945 0.8104 0.8119 0.9935 0.9518 0.2145 0.7683 0.9442 0.8202 0.1693 0.8670 0.5306 0.1023 0.6656 0.1444 0.7452
48 44
0.0224
0.3845 0.4955 0.1991 0.0225 0.3769 0.2158 0.1698 0.9454 0.7308 0.1831 0.0308 0.9616 0.5416 0.5834 0.3509 0.2699 0.4600 0.4203 0.2927 0.8622 0.7462 0.0367 0.7094 0.0755 0.4648 0.0608 0.9065 0.4514 0.9345 0.6366 0.3554 0.3099 0.2194 0.8774 0.2712 0.7896 0.9073 0.3995 0.3346 0.1003 0.7675 0.7745 0.5273 0.7987 0.7679 0.1166 0.8528 0.9096
45 29
0.0081
0.6259 0.2640 0.2500 0.8061 0.4513 0.3119 0.8314 0.5307 0.5259 0.7311 0.3786 0.2214 0.5082 0.2973 0.3741 0.6673 0.7666 0.5773 0.4137 0.8487 0.1696 0.0466 0.8311 0.7743 0.4255 0.7444 0.2041 0.7970 0.1862 0.5526 0.8769 0.5635 0.6769 0.7909 0.0617 0.5275 0.8278 0.3664 0.9596 0.1058 0.6658 0.7340 0.8605 0.5756 0.4326
47 45
11.3430
0.4754 0.0803 0.6769 0.1770 0.1259 0.7973 0.4452 0.1062 0.9977 0.2138 0.6415 0.8753 0.8940 0.7085 0.3083 0.2102 0.8100 0.3606 0.9592 0.3811 0.8111 0.8034 0.1123 0.8988 0.6720 0.5681 0.7988 0.1380 0.3054 0.0156 0.3951 0.6671 0.3193 0.1318 0.5820 0.6668 0.1666 0.0138 0.7124 0.6458 0.8359 0.4213 0.6379 0.7776 0.2309 0.0234 0.1211
48 29
0.0016
0.5630 0.8047 0.1103 0.7515 0.2225 0.8305 0.3270 0.0611 0.8793 0.6843 0.2793 0.0121 0.0905 0.2521 0.0511 0.7072 0.2082 0.8050 0.0609 0.6922 0.4414 0.3933 0.3832 0.3390 0.9967 0.5829 0.0786 0.3900 0.8515 0.3536 0.1308 0.2609 0.3332 0.7960 0.7942 0.3138 0.2217 0.1994 0.1714 0.3948 0.5614 0.6405 0.2308 0.0810 0.4791 0.8271 0.7748 0.0786
50 1
50.0000
0.0000 0.0000 0.0000 0.0000 0.0000 0.0000 0.0000 0.0000 0.0000 0.0000 0.0000 0.0000 0.0000 0.0000 0.0000 0.0000 0.0000 0.0000 0.0000 0.0000 0.0000 0.0000 0.0000 0.0000 0.0000 0.0000 0.0000 0.0000 0.0000 0.0000 0.0000 0.0000 0.0000 0.0000 0.0000 0.0000 0.0000 0.0000 0.0000 0.0000 0.0000 0.0000 0.0000 0.0000 0.0000 0.0000 0.0000 0.0000 0.0000 0.0000
50 26
0.0241
0.1923 0.0500 0.2736 0.2113 0.9419 0.7107 0.7165 0.3975 0.9507 0.6413 0.9634 0.2560 0.6665 0.0218 0.1251 0.1636 0.5912 0.9105 0.4620 0.3498 0.7819 0.0594 0.2201 0.9281 0.4735 0.4846 0.3650 0.0127 0.2554 0.3807 0.0472 0.3750 0.6249 0.6633 0.3829 0.9001 0.4669 0.6844 0.6859 0.4619 0.1997 0.2900 0.5318 0.5742 0.9566 0.7645 0.1876 0.7664 0.1836 0.1779
48 21
0.0106
0.7453 0.9970 0.8463 0.9127 0.1225 0.4316 0.5031 0.5491 0.2350 0.4693 0.3562 0.8942 0.2802 0.9916 0.6940 0.2917 0.3137 0.9543 0.8094 0.2315 0.3200 0.8681 0.5618 0.1178 0.0977 0.7340 0.5067 0.1801 0.4280 0.3132 0.7922 0.0124 0.3344 0.3289 0.2063 0.2138 0.7835 0.0753 0.8887 0.2304 0.1264 0.3350 0.1964 0.3405 0.7011 0.1290 0.6007 0.4467
48 16
2.3831
0.7134 0.4679 0.2749 0.5062 0.3423 0.0204 0.6972 0.1693 0.6792 0.0545 0.1130 0.0279 0.0465 0.3482 0.4308 0.6374 0.8161 0.7716 0.0916 0.5655 0.7903 0.4986 0.4373 0.8096 0.0822 0.4405 0.9307 0.4031 0.2407 0.4578 0.8583 0.8052 0.6962 0.3792 0.9279 0.0299 0.6708 0.9458 0.9406 0.2441 0.1622 0.6947 0.1838 0.6051 0.5032 0.4072 0.7276 0.3619
45 39
0.0052
0.2823 0.3763 0.1267 0.8918 0.3724 0.3843 0.3285 0.7941 0.4834 0.0581 0.3080 0.1272 0.2522 0.9707 0.2949 0.7032 0.5633 0.1118 0.1813 0.8570 0.2164 0.1122 0.0686 0.1567 0.3158 0.3286 0.8320 0.9881 0.4831 0.2997 0.1561 0.4868 0.8333 0.3794 0.7800 0.7765 0.0635 0.4006 0.2031 0.1417 0.8154 0.4589 0.6120 0.9746 0.9505
50 25
50.0000
0.0000 0.0000 0.0000 0.0000 0.0000 0.0000 0.0000 0.0000 0.0000 0.0000 0.0000 0.0000 0.0000 0.0000 0.0000 0.0000 0.0000 0.0000 0.0000 0.0000 0.0000 0.0000 0.0000 0.0000 0.0000 0.0000 0.0000 0.0000 0.0000 0.0000 0.0000 0.0000 0.0000 0.0000 0.0000 0.0000 0.0000 0.0000 0.0000 0.0000 0.0000 0.0000 0.0000 0.0000 0.0000 0.0000 0.0000 0.0000 0.0000 0.0000
48 35
0.0018
0.6213 0.2594 0.9460 0.5072 0.5118 0.8023 0.9807 0.9087 0.5234 0.6768 0.9140 0.8013 0.2994 0.5766 0.8801 0.7148 0.8142 0.1715 0.0905 0.6767 0.6931 0.9252 0.2917 0.2634 0.0575 0.8503 0.4194 0.7910 0.7866 0.1038 0.1908 0.3908 0.9497 0.8992 0.3869 0.6534 0.4971 0.1018 0.0515 0.6595 0.0107 0.8201 0.6217 0.3172 0.6293 0.7827 0.0769 0.9589
50 25
33.3350
0.3333 0.3333 0.3333 0.3333 0.3333 0.3333 0.3333 0.3333 0.3333 0.3333 0.3333 0.3333 0.3333 0.3333 0.3333 0.3333 0.3333 0.3333 0.3333 0.3333 0.3333 0.3333 0.3333 0.3333 0.3333 0.3333 0.3333 0.3333 0.3333 0.3333 0.3333 0.3333 0.3333 0.3333 0.3333 0.3333 0.3333 0.3333 0.3333 0.3333 0.3333 0.3333 0.3333 0.3333 0.3333 0.3333 0.3333 0.3333 0.3333 0.3333
1 1
1.0000
0.0000
45 18
0.0001
0.7839 0.7364 0.5240 0.2385 0.0122 0.4364 0.9815 0.1482 0.1022 0.6882 0.1943 0.4181 0.9989 0.6113 0.2263 0.2467 0.8052 0.4563 0.8634 0.4485 0.6218 0.2450 0.4525 0.7514 0.8095 0.0019 0.5349 0.8262 0.3418 0.4813 0.4819 0.3731 0.7502 0.8070 0.0582 0.2171 0.5423 0.6910 0.5221 0.2352 0.2824 0.3713 0.7459 0.9438 0.1951
48 47
10.5619
0.6536 0.6322 0.9814 0.6819 0.3076 0.7321 0.3152 0.4643 0.9224 0.6895 0.1920 0.5985 0.2992 0.8677 0.7680 0.0255 0.6750 0.3679 0.3140 0.5740 0.4447 0.7376 0.5297 0.5545 0.5095 0.2141 0.8357 0.7524 0.9618 0.1608 0.8816 0.3039 0.4437 0.0852 0.4084 0.7882 0.8348 0.8720 0.8124 0.7682 0.9638 0.9744 0.5604 0.1256 0.5677 0.2205 0.6000 0.7911
47 26
2.2784
0.4354 0.9460 0.8419 0.1005 0.6562 0.1539 0.9056 0.9917 0.9770 0.3204 0.1902 0.9042 0.7939 0.7586 0.5519 0.1277 0.8156 0.2346 0.1305 0.7958 0.0239 0.2816 0.4923 0.1028 0.8840 0.9963 0.8193 0.8278 0.1370 0.4495 0.3364 0.6852 0.3553 0.0708 0.1427 0.3084 0.8489 0.1637 0.3635 0.5550 0.6506 0.7511 0.6483 0.1664 0.6587 0.1259 0.6641
49 27
2.2603
0.2235 0.4581 0.7481 0.4856 0.6857 0.2062 0.7444 0.3106 0.8491 0.4606 0.2869 0.8561 0.1762 0.3850 0.4379 0.8354 0.1329 0.5165 0.7064 0.7213 0.6047 0.0739 0.5509 0.4266 0.5095 0.6873 0.5154 0.6125 0.4795 0.7961 0.3545 0.7694 0.5352 0.5347 0.9229 0.1160 0.2017 0.2831 0.7001 0.2368 0.6942 0.8378 0.0706 0.1679 0.7932 0.5337 0.8691 0.7809 0.0852
48 42
7.7121
0.0138 0.2061 0.6548 0.6915 0.9871 0.6389 0.8179 0.0419 0.4759 0.3493 0.0377 0.7462 0.3922 0.9900 0.4472 0.9456 0.4544 0.1741 0.9286 0.4125 0.6371 0.4294 0.8821 0.3765 0.1312 0.8462 0.6455 0.9556 0.5040 0.3563 0.3384 0.3070 0.7906 0.8530 0.6996 0.1997 0.5437 0.9523 0.9668 0.6958 0.3830 0.6381 0.3214 0.2445 0.4175 0.3424 0.2775 0.7085
2 1
0.3333
0.5000 0.5000
4 4
1.3999
0.7000 0.5000 0.6000 0.8000
49 16
0.0048
0.1127 0.9584 0.2467 0.5523 0.1118 0.5953 0.3779 0.5510 0.9126 0.5382 0.9030 0.7708 0.1530 0.7273 0.0867 0.0118 0.2553 0.8403 0.9030 0.0665 0.3595 0.2447 0.4716 0.6328 0.3996 0.9421 0.6776 0.1984 0.6237 0.4281 0.2808 0.1009 0.1701 0.6716 0.6761 0.1728 0.7693 0.6075 0.4347 0.6231 0.0640 0.4281 0.0336 0.6953 0.2671 0.2344 0.9120 0.8044 0.9620
1 1
0.0000
1.0000
47 43
9.3729
0.4945 0.8457 0.2829 0.9123 0.4380 0.2144 0.6950 0.1491 0.6278 0.4379 0.8532 0.0208 0.2743 0.7274 0.9796 0.6305 0.9658 0.9305 0.0948 0.2870 0.6940 0.2235 0.0911 0.0139 0.7277 0.1918 0.1094 0.2439 0.8397 0.5082 0.9727 0.0575 0.1724 0.6964 0.2919 0.8748 0.3254 0.2957 0.7328 0.6404 0.5217 0.8129 0.3009 0.6228 0.6949 0.1716 0.7337
50 50
0.0050
0.9999 0.9999 0.9999 0.9999 0.9999 0.9999 0.9999 0.9999 0.9999 0.9999 0.9999 0.9999 0.9999 0.9999 0.9999 0.9999 0.9999 0.9999 0.9999 0.9999 0.9999 0.9999 0.9999 0.9999 0.9999 0.9999 0.9999 0.9999 0.9999 0.9999 0.9999 0.9999 0.9999 0.9999 0.9999 0.9999 0.9999 0.9999 0.9999 0.9999 0.9999 0.9999 0.9999 0.9999 0.9999 0.9999 0.9999 0.9999 0.9999 0.9999
47 17
0.0102
0.2320 0.7425 0.6177 0.0541 0.9953 0.8634 0.3137 0.4467 0.7122 0.2386 0.5758 0.3036 0.3334 0.9179 0.4150 0.9329 0.5808 0.8106 0.7631 0.1211 0.3881 0.5163 0.6243 0.7133 0.5498 0.1887 0.1161 0.1479 0.2424 0.9044 0.3947 0.8069 0.3799 0.6144 0.9246 0.4197 0.4306 0.3600 0.6921 0.4399 0.7652 0.7634 0.1752 0.7813 0.5982 0.5686 0.7999
47 13
14.9451
0.1987 0.1660 0.7885 0.1357 0.9356 0.7294 0.9943 0.4948 0.8627 0.3196 0.7700 0.7935 0.8111 0.0729 0.2295 0.4447 0.6700 0.1917 0.2710 0.9064 0.4185 0.4209 0.8242 0.0546 0.2084 0.4123 0.4959 0.9923 0.2727 0.1922 0.8808 0.6847 0.6734 0.3630 0.9746 0.7147 0.1963 0.9094 0.8968 0.4228 0.9849 0.0209 0.8549 0.9804 0.9221 0.2894 0.7224
49 47
0.0059
0.6208 0.8579 0.0930 0.0541 0.6675 0.9069 0.8570 0.9766 0.4343 0.4683 0.9939 0.2646 0.8920 0.6117 0.4445 0.9803 0.8777 0.3896 0.3656 0.5667 0.8440 0.7498 0.6078 0.2840 0.9614 0.0911 0.3568 0.5488 0.7859 0.8727 0.3141 0.1443 0.7509 0.8976 0.9948 0.4517 0.1268 0.1479 0.9488 0.2662 0.6900 0.3575 0.1321 0.9551 0.9504 0.0314 0.8914 0.9196 0.8707
1 1
0.3333
0.5000
48 47
11.2105
0.4582 0.5942 0.7111 0.1890 0.5662 0.5600 0.6600 0.5264 0.4661 0.2179 0.2027 0.8332 0.1905 0.3575 0.0880 0.2480 0.9367 0.4379 0.9847 0.7969 0.3170 0.5534 0.1656 0.0673 0.4720 0.4527 0.7415 0.7490 0.3555 0.4922 0.9157 0.2709 0.9744 0.3206 0.2333 0.5858 0.1148 0.4819 0.4544 0.4430 0.2219 0.9014 0.8098 0.8933 0.8283 0.6066 0.8971 0.2110
47 17
0.0170
0.8643 0.1293 0.8836 0.3275 0.4660 0.4100 0.0318 0.7092 0.9722 0.5665 0.1660 0.5819 0.9001 0.4883 0.5657 0.7946 0.9963 0.5186 0.5295 0.4713 0.5375 0.8962 0.1161 0.0842 0.9412 0.6543 0.2005 0.0192 0.0604 0.8985 0.4530 0.4212 0.6030 0.4699 0.3311 0.7483 0.8510 0.1881 0.7905 0.9127 0.5207 0.1940 0.2342 0.7586 0.2064 0.8549 0.6804
4 4
0.0001
0.0000 0.0000 0.0000 0.0000
47 26
0.5837
0.2756 0.7741 0.5956 0.9137 0.5064 0.7167 0.4740 0.0343 0.3602 0.7335 0.2976 0.8003 0.6048 0.6696 0.2637 0.4186 0.1291 0.8177 0.5603 0.3950 0.5026 0.9160 0.7970 0.6131 0.0304 0.4499 0.9918 0.6586 0.8463 0.7999 0.8283 0.1213 0.8738 0.1457 0.8867 0.5646 0.0082 0.5373 0.2916 0.6248 0.4096 0.3682 0.7012 0.3793 0.8207 0.3154 0.7619
50 38
10.1024
0.1786 0.6817 0.2932 0.1712 0.6013 0.4446 0.2711 0.6447 0.9934 0.4581 0.7820 0.2996 0.6292 0.2302 0.0807 0.7354 0.1306 0.7217 0.6246 0.6501 0.0103 0.1829 0.3296 0.5771 0.5316 0.6935 0.7735 0.0320 0.5813 0.4026 0.5279 0.2178 0.3667 0.5495 0.6064 0.1545 0.8604 0.5838 0.0793 0.2768 0.3046 0.4821 0.2344 0.9435 0.4030 0.5972 0.0042 0.2462 0.0183 0.9127
1 1
0.3333
0.0000
2 1
0.3333
0.0000 0.0000
50 25
0.0000
0.3333 0.3333 0.3333 0.3333 0.3333 0.3333 0.3333 0.3333 0.3333 0.3333 0.3333 0.3333 0.3333 0.3333 0.3333 0.3333 0.3333 0.3333 0.3333 0.3333 0.3333 0.3333 0.3333 0.3333 0.3333 0.3333 0.3333 0.3333 0.3333 0.3333 0.3333 0.3333 0.3333 0.3333 0.3333 0.3333 0.3333 0.3333 0.3333 0.3333 0.3333 0.3333 0.3333 0.3333 0.3333 0.3333 0.3333 0.3333 0.3333 0.3333
47 28
0.0099
0.7864 0.2822 0.8697 0.9537 0.7926 0.6690 0.0409 0.2888 0.4358 0.7004 0.1283 0.8131 0.2973 0.2594 0.9444 0.3405 0.6496 0.7050 0.9430 0.8516 0.5009 0.3812 0.2444 0.7967 0.3816 0.2237 0.0085 0.2880 0.9762 0.8980 0.9306 0.3582 0.5565 0.4948 0.5824 0.3128 0.6664 0.4675 0.6987 0.2530 0.5099 0.2726 0.0384 0.6426 0.5757 0.3197 0.5202
48 31
7.8268
0.8692 0.7659 0.9862 0.8083 0.9458 0.4889 0.1261 0.3648 0.5324 0.8699 0.4127 0.5030 0.3437 0.3350 0.7118 0.1955 0.6798 0.9269 0.4585 0.4520 0.6212 0.7051 0.7980 0.7913 0.7371 0.1609 0.5698 0.6257 0.3853 0.3877 0.6178 0.0574 0.7400 0.8345 0.3393 0.8014 0.8324 0.3660 0.5386 0.5217 0.2571 0.2529 0.4434 0.1366 0.8467 0.3936 0.1363 0.9859
50 16
0.0066
0.1925 0.2399 0.8533 0.8819 0.3461 0.9084 0.7068 0.3400 0.5065 0.0955 0.2466 0.3347 0.4949 0.6617 0.9250 0.0055 0.2071 0.7170 0.0876 0.5334 0.8491 0.8387 0.8582 0.2261 0.5383 0.6177 0.1125 0.3183 0.3922 0.1639 0.2561 0.3359 0.0334 0.0671 0.4355 0.3238 0.2151 0.7596 0.7109 0.3452 0.5429 0.9083 0.2545 0.3503 0.8567 0.5432 0.0570 0.8881 0.9689 0.3681
47 44
16.7535
0.1751 0.8348 0.1034 0.9584 0.2124 0.0978 0.6783 0.7049 0.2832 0.9430 0.5280 0.5968 0.4890 0.4993 0.7361 0.2465 0.7100 0.8553 0.9133 0.6228 0.8875 0.6539 0.2633 0.7235 0.2253 0.9791 0.4214 0.6331 0.2558 0.3560 0.3160 0.9334 0.7619 0.4772 0.5366 0.6338 0.9346 0.1227 0.8451 0.6993 0.4481 0.4893 0.1053 0.8301 0.7276 0.8622 0.1254
49 14
0.0209
0.5871 0.4036 0.2855 0.9187 0.7112 0.7045 0.8554 0.8801 0.9058 0.2874 0.0999 0.5025 0.5669 0.3073 0.4893 0.7287 0.4961 0.1239 0.6074 0.8244 0.0764 0.2446 0.6523 0.2396 0.7967 0.1166 0.8220 0.7037 0.2034 0.9972 0.4414 0.1236 0.1856 0.3747 0.4884 0.5738 0.2383 0.1254 0.7394 0.8773 0.1498 0.5078 0.1090 0.4806 0.3649 0.6206 0.2782 0.8918 0.6602
50 25
0.0000
1.0000 1.0000 1.0000 1.0000 1.0000 1.0000 1.0000 1.0000 1.0000 1.0000 1.0000 1.0000 1.0000 1.0000 1.0000 1.0000 1.0000 1.0000 1.0000 1.0000 1.0000 1.0000 1.0000 1.0000 1.0000 1.0000 1.0000 1.0000 1.0000 1.0000 1.0000 1.0000 1.0000 1.0000 1.0000 1.0000 1.0000 1.0000 1.0000 1.0000 1.0000 1.0000 1.0000 1.0000 1.0000 1.0000 1.0000 1.0000 1.0000 1.0000
50 32
0.0241
0.1827 0.7358 0.4290 0.3054 0.5381 0.7864 0.1585 0.1340 0.2532 0.3944 0.4794 0.8930 0.6874 0.2644 0.7479 0.7253 0.8254 0.4819 0.5510 0.6832 0.0165 0.1539 0.2761 0.2381 0.2738 0.3312 0.4362 0.0542 0.2149 0.2803 0.2479 0.1400 0.8979 0.9643 0.2056 0.3615 0.1419 0.8941 0.6586 0.5284 0.5761 0.4211 0.6769 0.9862 0.4590 0.5773 0.2745 0.3783 0.2635 0.6251
46 27
0.0141
0.2403 0.1680 0.7834 0.5327 0.6713 0.1604 0.5269 0.6223 0.2147 0.4396 0.7474 0.6433 0.0824 0.4431 0.0057 0.9271 0.3881 0.4051 0.2303 0.1866 0.4500 0.2007 0.0169 0.3094 0.8934 0.9317 0.3905 0.2670 0.0216 0.6401 0.0955 0.8796 0.8298 0.7467 0.2846 0.4387 0.9272 0.8789 0.5074 0.5069 0.7079 0.2038 0.0407 0.4671 0.8626 0.7019
50 50
0.0000
0.8765 0.8765 0.8765 0.8765 0.8765 0.8765 0.8765 0.8765 0.8765 0.8765 0.8765 0.8765 0.8765 0.8765 0.8765 0.8765 0.8765 0.8765 0.8765 0.8765 0.8765 0.8765 0.8765 0.8765 0.8765 0.8765 0.8765 0.8765 0.8765 0.8765 0.8765 0.8765 0.8765 0.8765 0.8765 0.8765 0.8765 0.8765 0.8765 0.8765 0.8765 0.8765 0.8765 0.8765 0.8765 0.8765 0.8765 0.8765 0.8765 0.8765
45 36
0.0013
0.8531 0.2539 0.8794 0.7636 0.5186 0.6453 0.0084 0.1840 0.1156 0.2904 0.1427 0.7130 0.9879 0.9372 0.5431 0.3228 0.8274 0.5587 0.7227 0.2637 0.2925 0.8717 0.4500 0.5438 0.8785 0.9108 0.0833 0.5410 0.3058 0.8883 0.0616 0.1910 0.8922 0.3439 0.5894 0.1277 0.3088 0.5699 0.1994 0.9676 0.8208 0.0396 0.9949 0.4138 0.6316
50 1
33.3350
0.3333 0.3333 0.3333 0.3333 0.3333 0.3333 0.3333 0.3333 0.3333 0.3333 0.3333 0.3333 0.3333 0.3333 0.3333 0.3333 0.3333 0.3333 0.3333 0.3333 0.3333 0.3333 0.3333 0.3333 0.3333 0.3333 0.3333 0.3333 0.3333 0.3333 0.3333 0.3333 0.3333 0.3333 0.3333 0.3333 0.3333 0.3333 0.3333 0.3333 0.3333 0.3333 0.3333 0.3333 0.3333 0.3333 0.3333 0.3333 0.3333 0.3333
49 48
9.0015
0.3103 0.8189 0.9159 0.6102 0.6583 0.2171 0.9647 0.0438 0.4529 0.9965 0.2378 0.8396 0.0449 0.6926 0.0365 0.3859 0.2578 0.3751 0.5811 0.4755 0.4213 0.5453 0.8360 0.3912 0.6357 0.1736 0.3085 0.1446 0.8022 0.9041 0.0944 0.5796 0.6862 0.9625 0.7651 0.8385 0.5321 0.2254 0.8694 0.9193 0.6916 0.2444 0.9879 0.1628 0.6778 0.4080 0.0736 0.1265 0.0837
45 28
0.0177
0.8859 0.9976 0.7885 0.1998 0.8480 0.9657 0.2837 0.4164 0.9940 0.0934 0.6217 0.7215 0.1890 0.3379 0.3396 0.7166 0.7104 0.9996 0.5975 0.9390 0.3459 0.9216 0.1422 0.3910 0.4795 0.1713 0.4453 0.1221 0.8043 0.4943 0.7004 0.5779 0.4011 0.4308 0.4356 0.2285 0.8350 0.4319 0.6482 0.7017 0.2439 0.5835 0.2993 0.4486 0.5872
50 27
0.0176
0.2265 0.4423 0.6265 0.1495 0.5172 0.4953 0.9256 0.4758 0.9374 0.6047 0.5451 0.7967 0.4795 0.4491 0.7694 0.9249 0.9221 0.9378 0.6479 0.2064 0.8344 0.7969 0.3462 0.5268 0.5529 0.0330 0.5003 0.6401 0.1398 0.7515 0.5056 0.8934 0.3911 0.5885 0.7528 0.9555 0.1935 0.7098 0.6451 0.1540 0.7844 0.5870 0.4232 0.8466 0.0439 0.3473 0.8018 0.9883 0.4536 0.9504
50 25
1.0000
0.3333 0.3333 0.3333 0.3333 0.3333 0.3333 0.3333 0.3333 0.3333 0.3333 0.3333 0.3333 0.3333 0.3333 0.3333 0.3333 0.3333 0.3333 0.3333 0.3333 0.3333 0.3333 0.3333 0.3333 0.3333 0.3333 0.3333 0.3333 0.3333 0.3333 0.3333 0.3333 0.3333 0.3333 0.3333 0.3333 0.3333 0.3333 0.3333 0.3333 0.3333 0.3333 0.3333 0.3333 0.3333 0.3333 0.3333 0.3333 0.3333 0.3333
1 1
0.5000
0.5000
45 25
3.5904
0.5776 0.6942 0.5221 0.4972 0.3655 0.8945 0.2361 0.1720 0.1018 0.4581 0.3252 0.8268 0.4244 0.3448 0.7398 0.7248 0.3324 0.1824 0.3233 0.4031 0.7122 0.3028 0.2692 0.4520 0.4654 0.9111 0.3880 0.4568 0.1847 0.7976 0.2414 0.8075 0.1272 0.4465 0.5679 0.8465 0.3892 0.7715 0.5127 0.3085 0.4820 0.1036 0.6697 0.3308 0.9563
2 1
0.5000
0.5000 0.5000
46 15
3.6201
0.6801 0.5307 0.1966 0.8127 0.5489 0.2317 0.4476 0.8136 0.9999 0.8770 0.2048 0.7141 0.4283 0.0403 0.3569 0.8775 0.7230 0.5911 0.3457 0.4753 0.0871 0.2632 0.4806 0.7662 0.0696 0.7257 0.3197 0.4780 0.7983 0.1339 0.3287 0.3195 0.5512 0.3431 0.0447 0.3447 0.2139 0.2239 0.9911 0.6994 0.4818 0.6141 0.8961 0.7764 0.5654 0.5238
2 1
1.0000
0.0000 0.0000
48 48
21.4290
0.4183 0.1825 0.0129 0.9629 0.8867 0.3776 0.4463 0.8645 0.5460 0.4596 0.7199 0.6221 0.5620 0.7003 0.2321 0.2763 0.0994 0.2441 0.1499 0.4893 0.0837 0.4868 0.8760 0.3354 0.4635 0.4186 0.8231 0.5737 0.0553 0.4486 0.9400 0.6911 0.2437 0.2320 0.4031 0.1435 0.2601 0.1196 0.0315 0.9531 0.2882 0.6171 0.3067 0.9720 0.3443 0.6809 0.4367 0.3264
48 25
0.0105
0.8014 0.7841 0.5943 0.5907 0.0766 0.9785 0.3836 0.4834 0.3924 0.7481 0.6991 0.3287 0.0225 0.3976 0.5236 0.1796 0.0499 0.5939 0.9186 0.9313 0.6772 0.3093 0.3845 0.6883 0.3917 0.2740 0.9708 0.2525 0.9556 0.8533 0.0876 0.9787 0.2300 0.5219 0.3168 0.1583 0.6742 0.7057 0.1287 0.3789 0.5949 0.1957 0.8240 0.6819 0.4611 0.1716 0.9668 0.7920
46 22
0.0216
0.7429 0.7449 0.1316 0.9423 0.7934 0.1937 0.0953 0.4508 0.5994 0.2586 0.0061 0.2718 0.2673 0.2614 0.5955 0.4740 0.6526 0.5302 0.7298 0.3854 0.6018 0.4865 0.2556 0.0457 0.3961 0.9702 0.1496 0.0107 0.2247 0.9084 0.2099 0.0039 0.8604 0.0416 0.9611 0.1049 0.7964 0.2182 0.9568 0.0834 0.1121 0.4036 0.1012 0.1159 0.8399 0.8126
49 20
0.0128
0.3422 0.3500 0.9471 0.9306 0.9751 0.0996 0.7862 0.0940 0.3986 0.7245 0.1966 0.3221 0.4276 0.5798 0.6928 0.6076 0.2227 0.4626 0.3751 0.8644 0.7593 0.8752 0.1410 0.6942 0.2227 0.4586 0.4867 0.1741 0.5710 0.2462 0.4891 0.0384 0.3715 0.0279 0.8939 0.0455 0.8555 0.1864 0.4266 0.2770 0.0640 0.1852 0.0133 0.9708 0.6922 0.3505 0.8041 0.1900 0.2245
50 36
10.3696
0.6034 0.2487 0.7443 0.5339 0.2730 0.9709 0.6666 0.6314 0.1337 0.4461 0.7600 0.9465 0.2831 0.3738 0.1856 0.9462 0.4000 0.7802 0.6930 0.7800 0.0245 0.6625 0.0418 0.9762 0.0126 0.6660 0.1903 0.2769 0.0715 0.0361 0.6765 0.9336 0.6574 0.5337 0.7632 0.9509 0.2602 0.7037 0.0717 0.2777 0.8145 0.1176 0.8726 0.9615 0.7892 0.8190 0.2657 0.7084 0.7586 0.9254
49 29
9.5997
0.1569 0.1901 0.6696 0.0884 0.3387 0.6621 0.3914 0.9527 0.5562 0.5982 0.1250 0.0622 0.5875 0.3403 0.9098 0.5362 0.7811 0.1424 0.4732 0.0803 0.4758 0.6659 0.7848 0.8684 0.2527 0.1041 0.5588 0.1740 0.5276 0.2213 0.5891 0.4894 0.6274 0.1097 0.5865 0.9724 0.0226 0.8947 0.7259 0.3479 0.7022 0.3372 0.2779 0.2703 0.1724 0.0700 0.3724 0.9599 0.4717
48 12
0.0039
0.8115 0.4172 0.8061 0.7106 0.7479 0.8859 0.1491 0.6199 0.0884 0.4698 0.7125 0.5378 0.1351 0.2430 0.6432 0.4070 0.0384 0.6984 0.3049 0.1262 0.4666 0.0444 0.5392 0.2175 0.1876 0.3692 0.6856 0.7690 0.0657 0.1847 0.0527 0.5256 0.9520 0.9040 0.0269 0.0835 0.7784 0.9568 0.5031 0.6934 0.6056 0.8397 0.8036 0.4863 0.2945 0.1086 0.3733 0.7592
50 25
3.2225
0.1541 0.2085 0.3018 0.4565 0.3748 0.2515 0.3823 0.6694 0.0370 0.6507 0.6419 0.2455 0.1093 0.8565 0.4155 0.4335 0.8838 0.2418 0.3996 0.8323 0.0684 0.0292 0.4190 0.9101 0.1006 0.5074 0.7466 0.4213 0.0784 0.8302 0.7698 0.3200 0.2866 0.9414 0.0347 0.7539 0.0882 0.4096 0.1562 0.0788 0.5418 0.3424 0.2387 0.4566 0.8845 0.2701 0.5047 0.9530 0.7782 0.1803
47 45
10.2666
0.4326 0.9823 0.5119 0.5169 0.8105 0.9858 0.5788 0.8084 0.6672 0.3593 0.1586 0.9991 0.8362 0.1101 0.4330 0.2838 0.4943 0.7532 0.4867 0.1614 0.8421 0.2809 0.0517 0.6928 0.6453 0.9158 0.1884 0.0845 0.7887 0.5512 0.9740 0.0045 0.5034 0.0945 0.0110 0.8036 0.5999 0.6636 0.1640 0.7997 0.5053 0.8520 0.4268 0.1919 0.9745 0.2696 0.6737
45 32
3.2273
0.4390 0.0894 0.2812 0.6363 0.7827 0.8934 0.5775 0.8015 0.5998 0.4690 0.8867 0.0838 0.8707 0.2729 0.7145 0.5329 0.0750 0.1980 0.5288 0.1267 0.4685 0.4001 0.8442 0.0135 0.1053 0.4226 0.8969 0.2366 0.9053 0.0435 0.7654 0.5701 0.7522 0.5073 0.6950 0.4923 0.5954 0.8521 0.2063 0.4902 0.6400 0.0207 0.2612 0.6205 0.2455
50 50
33.3350
0.3333 0.3333 0.3333 0.3333 0.3333 0.3333 0.3333 0.3333 0.3333 0.3333 0.3333 0.3333 0.3333 0.3333 0.3333 0.3333 0.3333 0.3333 0.3333 0.3333 0.3333 0.3333 0.3333 0.3333 0.3333 0.3333 0.3333 0.3333 0.3333 0.3333 0.3333 0.3333 0.3333 0.3333 0.3333 0.3333 0.3333 0.3333 0.3333 0.3333 0.3333 0.3333 0.3333 0.3333 0.3333 0.3333 0.3333 0.3333 0.3333 0.3333
48 22
0.0145
0.0630 0.0492 0.3360 0.1432 0.4780 0.9862 0.7691 0.4025 0.8402 0.5263 0.3383 0.7339 0.4051 0.9023 0.0088 0.9621 0.3893 0.3442 0.7597 0.2216 0.1490 0.4198 0.9047 0.9959 0.4576 0.9157 0.6925 0.3141 0.4558 0.4800 0.5673 0.0990 0.5296 0.0704 0.0712 0.0645 0.8184 0.9473 0.4958 0.4227 0.8644 0.0946 0.6069 0.3181 0.1444 0.5890 0.1152 0.7390
50 50
50.0000
0.0000 0.0000 0.0000 0.0000 0.0000 0.0000 0.0000 0.0000 0.0000 0.0000 0.0000 0.0000 0.0000 0.0000 0.0000 0.0000 0.0000 0.0000 0.0000 0.0000 0.0000 0.0000 0.0000 0.0000 0.0000 0.0000 0.0000 0.0000 0.0000 0.0000 0.0000 0.0000 0.0000 0.0000 0.0000 0.0000 0.0000 0.0000 0.0000 0.0000 0.0000 0.0000 0.0000 0.0000 0.0000 0.0000 0.0000 0.0000 0.0000 0.0000
50 25
0.0000
0.0000 0.0000 0.0000 0.0000 0.0000 0.0000 0.0000 0.0000 0.0000 0.0000 0.0000 0.0000 0.0000 0.0000 0.0000 0.0000 0.0000 0.0000 0.0000 0.0000 0.0000 0.0000 0.0000 0.0000 0.0000 0.0000 0.0000 0.0000 0.0000 0.0000 0.0000 0.0000 0.0000 0.0000 0.0000 0.0000 0.0000 0.0000 0.0000 0.0000 0.0000 0.0000 0.0000 0.0000 0.0000 0.0000 0.0000 0.0000 0.0000 0.0000
45 2
0.0102
0.3955 0.2388 0.2099 0.3099 0.4639 0.1894 0.1726 0.7718 0.7028 0.7573 0.6761 0.9690 0.6230 0.5884 0.9612 0.7549 0.5117 0.9906 0.2540 0.7887 0.6818 0.4007 0.0755 0.7301 0.5267 0.6684 0.0897 0.1836 0.8124 0.9904 0.2609 0.9172 0.2704 0.1113 0.0160 0.6723 0.8191 0.2701 0.5396 0.1035 0.1541 0.1163 0.0360 0.6466 0.9820
45 32
5.9707
0.1548 0.2848 0.2815 0.5377 0.5784 0.6896 0.5560 0.4958 0.2446 0.5765 0.4108 0.6475 0.4346 0.1111 0.4416 0.4359 0.0784 0.7210 0.1687 0.9596 0.7529 0.8889 0.7625 0.0662 0.7474 0.4424 0.5518 0.1370 0.4590 0.5936 0.5213 0.5104 0.8193 0.7655 0.3633 0.7247 0.9794 0.8393 0.2257 0.1433 0.9215 0.3931 0.0495 0.0437 0.1656
50 50
0.0000
1.0000 1.0000 1.0000 1.0000 1.0000 1.0000 1.0000 1.0000 1.0000 1.0000 1.0000 1.0000 1.0000 1.0000 1.0000 1.0000 1.0000 1.0000 1.0000 1.0000 1.0000 1.0000 1.0000 1.0000 1.0000 1.0000 1.0000 1.0000 1.0000 1.0000 1.0000 1.0000 1.0000 1.0000 1.0000 1.0000 1.0000 1.0000 1.0000 1.0000 1.0000 1.0000 1.0000 1.0000 1.0000 1.0000 1.0000 1.0000 1.0000 1.0000
