100
2 1
100 20
200 10
2 2
100 20
200 10
3 2
100 10
100 10
100 10
4 2
9 3
7 1
10 1
8 4
3 2
4216 513513
282744 7657
43758 49476
5 3
746846 95225
917219 77537
510578 139290
93174 763286
207841 342177
5 1
21616 2211
217983 72
25631 2449
23242 2408
232941 73
6 4
593572 81918
54723 888552
242556 200466
89913 540792
81918 593572
63714 763164
6 4
31857 624312
22977 865592
214452 92742
149814 132756
118818 167388
191142 104052
5 3
3885 350080
10567 6
3839 388382
19822 6
3490 398766
4 1
201542 77
24102 2163
25151 2677
21479 2071
7 1
3739 396009
3839 395808
3389 369323
3039 317043
12283 44
3724 397879
15114 44
8 4
3171 362082
14714 79
14588 82
3403 337766
3240 330383
3900 379852
3110 327532
3574 349305
5 2
19039 62
3689 331893
3001 313276
3977 320902
17828 27
4 1
22807 607551
977461 158648
864241 745226
237091 833355
6 4
134757 157768
36777 578088
573426 37076
88504 240219
609336 34891
382284 55614
7 4
142506 119884
33669 507416
179452 95202
370968 46053
78561 217464
526932 32422
104748 163098
10 7
898834 149173
653930 13017
190958 170271
851153 587576
337461 745866
590813 404808
564092 283967
379472 325181
433035 941885
152225 661322
10 5
26748 955052
38970 655523
158431 161242
67616 377806
56472 452361
126627 201740
233256 109518
34328 744166
146305 174606
846614 30174
4 2
540762 522486
483230 290294
322991 83365
13439 77717
8 2
27151 2206
24628 2757
27639 2413
20443 2396
27418 2976
293540 31
21310 2313
202215 45
5 2
3028 380466
14138 6
3235 343953
3722 310418
17718 60
8 5
236313 180234
146567 290595
57962 734820
329843 129127
424097 100429
451963 94237
335106 127099
131713 323367
5 2
446112 179209
248383 321871
243179 328759
118432 675048
548998 145624
9 5
157122 94116
429226 34452
410564 36018
57288 258129
186093 79464
17112 864171
630982 23436
85932 172086
58652 252126
7 4
362537 743278
864134 301152
581172 326602
111403 298204
147391 254193
70342 722979
10439 893903
4 3
3747 381942
3939 330164
3320 378176
14136 8
1 1
1 1
3 1
25330 2175
23252 2748
280818 93
2 2
44548 401166
108188 165186
4 2
378053 206691
819062 95402
194977 400766
160299 487465
8 4
85181 947315
140081 576047
283334 284799
393591 205018
116301 693831
114529 704566
197419 408741
380173 212254
10 6
240219 76024
618813 29512
40936 446121
526932 34658
287928 63427
83538 218612
22568 809217
34658 526932
383656 47601
31304 583389
7 1
21444 2530
27340 2817
26603 2938
26218 2188
227046 71
28971 2663
271017 25
3 1
60680 237017
180195 438677
501430 456735
8 5
5999 758776
472520 887604
857849 970444
91390 518901
193236 750231
349859 24440
556462 219882
373622 49084
4 3
945945 294946
118431 563603
133083 496187
590987 402601
5 3
3468 374465
3354 318064
3758 354639
14384 65
19567 13
3 1
28799 2612
250721 12
22056 2016
2 1
275980 13
25408 2341
10 10
1000000 1000000
1000000 1000000
1000000 1000000
1000000 1000000
1000000 1000000
1000000 1000000
1000000 1000000
1000000 1000000
1000000 1000000
1000000 1000000
5 3
318376 963103
61503 14667
496318 334104
320006 91427
252008 446604
4 2
3879 386571
13090 31
3287 369207
3091 331746
2 2
80104 178227
29233 488376
2 1
22258 2690
284155 78
7 5
616926 39265
168928 143396
33619 720533
83750 289237
186012 130226
99040 244584
122519 197713
4 2
19393 36
3792 365082
3683 380945
3434 325501
9 3
348400 247870
169794 508604
93381 924791
467621 184675
229748 375881
317153 272291
102757 840409
223109 387066
559835 154256
3 2
157509 63336
22274 447876
69832 142857
9 2
3275 301695
13193 47
3894 365150
3480 346689
3684 379717
16324 62
3450 386368
3216 316015
3076 389229
6 1
211577 86
25183 2744
236005 83
20512 2831
22754 2518
23993 2208
9 4
168083 163820
52727 522225
120420 228661
50350 546879
347695 79194
330382 83344
98910 278388
63069 436591
692278 39775
9 2
824280 654405
437020 905459
676756 404495
163168 268754
111226 526786
432867 7296
182069 866995
872323 388493
614295 402482
2 1
826260 23053
31911 596903
10 6
11492 3
3780 380769
3730 326392
3338 376389
15383 74
10501 16
3589 377089
3905 337147
3924 324273
3670 365161
2 1
28971 2235
239701 28
2 2
338086 51084
527868 32718
5 3
21440 2034
26025 2130
215875 62
25076 2899
298765 62
5 2
11166 78
3733 388720
3774 319304
3256 376726
12194 79
5 3
33189 671832
121303 183816
231426 96348
44548 500526
41292 539994
7 1
28169 2667
218245 95
25069 2275
26670 2462
24828 2797
265111 2
20949 2125
6 4
8118 728364
402948 14674
298584 19803
6786 871332
572286 10332
25116 235422
8 5
113816 840219
411903 453398
8233 444746
935161 350741
87076 343299
122592 154193
684233 778619
286840 381466
10 7
195969 358232
83630 839440
292705 239840
914522 76764
528931 132725
160078 438551
112570 623633
203996 344136
83546 840284
724707 96870
8 5
217341 105672
25092 915306
27306 841092
43911 523032
72447 317016
26418 869364
87822 261516
88536 259407
7 2
229792 15
22579 2728
22128 2294
27245 2237
24775 2488
251094 85
29935 2701
8 2
924533 637076
602661 73211
421491 633629
998021 57446
525023 635951
550869 503077
743327 975137
731709 509022
4 3
863226 18204
21762 722092
760461 20664
47736 329189
5 2
288645 54
26869 2870
23667 2596
260003 98
26363 2201
6 4
676544 801502
902378 598349
330701 319195
220857 472603
243610 821739
901140 787298
9 6
629022 934672
797024 968765
883077 428297
118075 741279
330385 468032
223286 11810
275915 582187
973212 60030
247782 189042
7 3
424242 516694
988322 15574
588936 256481
899283 239313
23842 566432
121953 790974
701247 931277
3 1
153945 629329
236540 409580
227483 425887
10 6
3123 383866
11734 76
3129 324108
16705 47
3806 324916
3281 309763
3669 379097
3823 328127
13108 30
3478 309237
10 6
449285 466818
201953 887064
91163 117578
818997 959313
209525 321156
958246 340965
482926 860915
516234 885779
925921 789936
357144 47645
4 2
26436 2738
26624 2539
29352 2904
299993 55
7 4
430447 131397
119394 473721
94237 600183
399076 141726
930652 60774
573957 98543
322629 175308
6 4
650338 728217
617314 682533
76882 627817
348546 738594
217835 975530
651343 582432
3 2
47037 609924
107584 266666
61178 468943
7 3
518300 482399
903685 681042
619693 552364
555728 267675
493780 526888
385565 397674
234736 730208
3 2
10630 10
3772 334487
3326 372912
9 5
243474 17316
43758 96348
951048 4433
908424 4641
23436 179894
246636 17094
615384 6851
102564 41106
41514 101556
8 5
3882 323426
3594 383495
3248 396296
19475 74
3402 328387
15134 51
3355 369076
3348 336346
4 3
28728 300817
294462 29348
313896 27531
17226 501676
4 2
3390 310191
3448 346928
3706 328741
11515 17
5 1
20459 2564
24427 2794
23861 2270
202367 82
202485 81
2 1
99159 448683
955008 46587
5 3
47502 51612
17864 137241
76908 31878
792396 3094
14168 173043
3 2
489111 47570
629587 313426
452272 757515
4 1
436332 62872
161427 169941
297600 92181
825278 33241
4 2
124537 128417
20965 762827
567136 28199
61877 258459
9 2
744704 912738
452224 492402
751375 194405
868376 164452
889310 415940
270267 545242
670615 107677
235406 638948
948810 532790
6 4
47212 940905
274127 162049
262849 169002
268372 165524
976909 45472
888298 50008
8 2
398390 225275
439137 204372
291753 307614
194858 460578
93070 964299
292758 306558
104303 860448
368108 243807
4 3
23440 2192
21798 2884
264009 48
27194 2487
7 4
14076 649194
865592 10557
49036 186354
929798 9828
79373 115128
64124 142506
83538 109388
7 5
18501 76
3038 348968
3522 396038
3474 311200
3616 349182
3153 354391
15093 99
3 1
19600 81
3119 387574
3435 337321
10 5
14972 60
10230 38
3084 317455
3324 376020
3732 308562
3220 381148
11265 33
3963 358715
3998 341773
3172 313208
6 1
229853 56
29299 2439
24177 2614
29496 2642
21862 2476
254697 100
