100
2 1
100 20
200 10
2 2
100 20
200 10
3 2
100 10
100 10
100 10
4 2
9 3
7 1
10 1
8 4
9 3
26187 817977
838330 117875
687492 997500
629805 425713
470457 173999
344837 700609
703032 690181
106508 139752
738970 178407
3 2
17589 220248
16632 232921
479864 8073
2 2
137268 263074
365769 98728
3 1
3493 356919
3317 353812
18587 57
4 3
44892 389298
106812 163618
77004 226954
680862 25668
4 3
125792 547813
884565 89583
870974 551866
489664 112670
9 3
108301 396333
720600 59566
185505 231386
111054 386508
94112 456087
246480 174145
58947 728167
627038 68454
87895 488347
10 7
410243 670926
491672 75879
310292 606486
272932 98297
960152 440293
198108 414858
913127 24622
485335 952427
631876 631640
915149 242114
8 4
463062 672793
394384 923954
588610 850869
387540 596375
154224 34297
450377 581465
914419 601518
801925 822540
4 3
3363 319610
16915 55
3455 382136
3015 319716
9 5
593032 60751
497532 72412
37643 957078
54969 655411
599805 60065
222414 161983
998539 36080
141693 254263
72457 497223
10 5
498682 650390
934199 227068
497844 106261
90500 260429
903011 559485
596810 929004
695704 68406
511218 558173
546072 480425
213623 652321
7 4
333207 79112
178002 148092
213528 123453
37324 706266
80388 327918
42966 613524
493812 53382
6 1
3625 362990
3315 307786
18444 29
3352 369751
3915 358574
10778 20
9 6
151121 161325
546689 44595
113004 215741
535474 45529
86098 283161
260210 93692
55736 437412
417881 58341
377288 64618
3 1
18449 34
3396 373398
3339 356478
9 6
350034 95862
47695 703532
711106 47187
352720 95132
724964 46285
54191 619198
43869 764890
47913 700331
883002 38001
8 6
291273 145587
73889 573909
603784 70233
69677 608602
860485 49281
717996 59061
54581 776929
724547 58527
5 2
27230 2051
23866 2835
226131 78
23013 2868
243269 69
4 2
3207 345137
3742 398841
18659 75
3180 398979
3 1
3134 350191
3054 384829
13501 83
9 6
120981 582326
987433 71347
105147 670018
514015 137059
377404 186671
105663 666746
113539 620495
836117 84259
78672 895495
2 2
12654 486948
290598 21204
10 10
1000000 1000000
1000000 1000000
1000000 1000000
1000000 1000000
1000000 1000000
1000000 1000000
1000000 1000000
1000000 1000000
1000000 1000000
1000000 1000000
4 2
24362 2447
267268 61
27691 2939
25125 2456
9 6
24181 2546
23888 2357
29945 2444
25756 2399
28347 2362
278059 21
227361 50
22278 2701
22757 2179
2 1
19379 19
3979 301586
3 2
29436 2171
271011 23
24129 2645
7 4
599160 99729
452261 132122
498005 119986
162491 367735
283210 210987
70848 843406
445195 134219
3 1
364468 186473
407484 166788
71537 950046
2 2
274536 96019
170478 154628
2 1
21809 2042
267126 26
9 3
141580 371353
95779 548932
157367 334099
186792 281469
83318 631030
182610 287915
431557 121829
377686 139206
372907 140990
10 7
561540 717402
948163 895489
970811 215270
891412 419427
293698 979923
298569 889376
852740 395036
876707 185338
14250 220969
811372 235563
8 3
944514 833184
116574 917431
536921 706406
65986 694747
841874 360933
16889 393831
957976 895030
833391 114471
4 1
226200 45
28631 2620
23554 2400
20826 2450
9 5
12276 476238
47817 122264
85932 68034
7843 745416
84847 68904
16182 361284
56637 103224
132066 44268
48484 120582
7 3
16668 41
18564 8
3971 385118
3754 370515
3559 368671
3044 340531
3617 334699
3 2
498757 130911
395405 781580
590522 8297
3 1
23320 448896
107879 97037
250299 41823
7 4
69832 231363
215688 74907
78474 205884
568632 28413
180728 89397
294462 54868
84132 192038
5 1
13515 8
3129 356111
3085 380672
14135 3
3511 380943
6 4
123876 185402
392616 58497
193192 118881
216783 105944
345876 66402
376216 61047
6 2
841070 25896
388139 737822
469127 190731
604718 699937
973336 838742
716993 292508
5 1
29606 2724
26777 2327
26850 2800
249307 8
202683 36
10 6
960876 13838
13986 950708
658378 20196
41943 317016
453747 29304
56916 233618
121737 109224
104346 127428
25641 518568
200244 66402
3 2
3436 361823
3041 364828
13386 10
3 1
241374 73
24397 2322
21923 2012
5 1
825303 315621
845263 357984
236340 504843
937855 460099
74340 714314
5 3
878787 11352
140868 70818
95004 105006
830502 12012
24882 400932
3 2
914089 130563
205254 914030
745801 918811
2 1
97649 455129
202609 219353
6 1
599228 126598
978903 77496
668403 113496
165324 458863
879773 86228
337018 225095
4 2
431373 14260
483852 120106
959854 473373
275153 665850
6 2
27774 2665
208153 61
26134 2238
29375 2511
257158 95
22300 2071
5 1
663837 510851
285048 332127
905711 715910
189744 45473
537576 464079
7 1
3625 300865
16009 65
15607 99
3799 338306
3633 388484
3573 364697
3258 354432
4 2
28581 2342
297342 35
29817 2927
25171 2701
10 2
3270 387721
3771 338553
11498 91
14153 86
19589 64
3060 333614
3643 383132
3856 390343
3663 318316
3411 395322
3 1
155653 612799
209440 455424
134626 708511
7 5
436614 661526
659627 881613
591805 526148
472715 316862
176762 722879
171195 715565
594411 556837
5 2
26858 2698
292672 96
275139 77
26420 2891
25575 2204
7 4
19928 78
3611 355258
3293 362681
13919 3
3736 314296
3850 314726
3968 314501
7 1
136589 345373
750237 62879
551422 85550
447441 105431
169910 277642
366917 128569
67781 695979
7 2
345851 50749
28658 612450
687462 25531
421154 41675
200872 87377
193846 90544
27897 629157
6 1
20191 2851
28300 2112
29851 2933
244211 35
25764 2939
262891 17
6 4
556206 35604
450984 43911
37582 526932
263466 75164
703437 28152
26486 747684
9 2
3165 398434
3550 397765
3731 335302
17093 56
3908 389416
3150 314388
13161 22
3721 398290
3259 396448
4 2
14090 80
3386 379705
3712 304750
3824 324153
6 4
226631 33
20483 2203
27697 2077
29185 2467
27264 2687
274920 45
8 3
992703 78777
748819 104434
206779 378192
594639 131512
555078 140885
699020 111874
830736 94136
78387 997642
3 2
3089 365186
3367 383824
17647 84
9 3
25783 2490
23790 2285
252003 77
27473 2804
24974 2707
29302 2303
25982 2718
21392 2001
299784 81
9 3
3512 318476
3209 389562
19619 92
3646 356534
3252 378166
3463 394018
10245 35
3212 371837
3334 345311
8 5
477204 21402
61992 164749
196308 52026
84132 121394
954408 10701
90364 113022
33579 304152
56088 182091
9 5
671832 34017
33201 688344
143964 158746
436356 52374
634508 36018
84456 270599
29946 763164
113832 200767
134757 169592
10 6
77588 267948
911985 885529
594689 343225
15078 147115
610736 678266
537679 744645
825501 866524
540877 738923
335121 257005
551081 789901
2 1
203447 82
28752 2594
5 1
623248 986877
11883 966054
50022 170560
895099 435067
87303 463006
1 1
1 1
7 3
287582 198879
161248 354696
157126 364001
653116 87571
587473 97356
170378 335689
189753 301413
8 4
3614 322010
3768 394081
3392 368173
3317 379869
17348 5
3310 341349
17545 72
3186 334856
3 2
15466 402948
14652 425334
20254 307692
3 2
465376 61389
620509 393364
612371 144791
9 2
27869 489072
265515 51334
44125 308894
24021 567418
70367 193698
598067 22790
148531 91765
375491 36299
392545 34722
7 5
28918 2236
240831 48
29741 2341
26214 2313
27500 2978
24923 2543
236395 56
6 1
3613 355549
3124 372430
3368 387485
16224 21
13050 30
3847 369615
10 5
20410 2977
242577 14
28747 2998
22876 2496
28823 2341
210497 40
21020 2388
295747 15
26708 2779
29560 2794
3 1
177439 716813
518794 31234
509492 343276
7 2
438469 232770
828213 166052
713139 99621
767725 694525
190729 568216
268506 427828
193816 20307
3 1
450254 218045
475291 206559
234029 419502
3 1
20928 2199
224115 23
21633 2421
5 3
291042 44772
796536 16359
183816 70889
767676 16974
257439 50616
7 4
267288 39897
52503 203112
821128 12987
176638 60372
106392 100233
247752 43043
30186 353276
7 4
48488 333207
126936 127281
84854 190404
970596 16646
16646 970596
17226 937916
617652 26158
4 3
168264 51359
224721 38456
706266 12236
36366 237636
