100
1 1
540 600
840 900
2 0
900 1260
180 540
1 1
1439 1440
0 1
0 2
1135 1440
1112 1135
2 0
254 485
1134 1440
0 1
346 847
2 0
612 721
1417 1440
0 2
1360 1440
1336 1360
1 1
1093 1176
1176 1249
1 1
1247 1401
974 1247
2 0
0 1
1439 1440
1 1
1144 1145
1360 1365
1 0
187 564
2 0
1250 1440
809 849
2 0
768 1135
576 768
0 1
1231 1440
0 2
748 850
35 76
0 2
1318 1440
839 906
2 0
1248 1440
1115 1248
1 1
1328 1399
1399 1440
1 0
971 1440
1 0
632 891
0 2
969 1194
1433 1440
0 2
1091 1249
1249 1440
1 1
132 651
886 1440
2 0
390 680
680 968
2 0
10 360
1079 1429
2 0
1080 1430
11 361
1 1
692 849
849 1020
0 1
1427 1440
0 2
876 1440
760 876
0 2
1274 1329
1329 1440
1 1
629 640
831 1174
0 1
802 830
0 2
411 504
1109 1440
2 0
754 1177
1177 1440
1 0
878 1117
1 0
987 1440
1 1
1132 1440
913 979
2 0
716 845
314 447
2 0
1315 1440
1103 1315
0 2
325 458
1301 1440
0 2
1080 1440
11 361
0 1
736 1440
1 1
0 1
1439 1440
0 2
589 602
17 342
0 2
619 986
468 619
0 1
201 465
0 2
1206 1223
1223 1440
2 0
921 1054
851 921
2 0
1022 1440
929 1022
2 0
0 360
1079 1429
0 2
540 900
180 540
0 2
822 1358
1358 1440
1 1
1438 1440
926 1438
0 1
1038 1153
0 2
843 873
873 1271
0 1
802 1077
0 2
1301 1440
1195 1301
0 2
1222 1440
790 1222
1 0
870 1440
0 2
545 836
1078 1440
1 1
1011 1210
1304 1440
0 2
0 1
1439 1440
0 2
1433 1440
1189 1433
0 2
569 652
334 569
1 1
1222 1440
40 87
1 0
822 948
2 0
10 360
1080 1430
2 0
1080 1430
0 360
0 1
843 1038
2 0
1093 1257
1257 1440
0 2
773 861
861 1164
2 0
52 313
905 999
1 0
1201 1440
2 0
884 979
1216 1440
0 2
200 288
288 605
2 0
767 1321
1321 1440
2 0
274 337
337 448
0 2
0 360
1080 1440
0 2
756 1440
755 756
0 1
794 1440
0 2
179 539
540 900
2 0
1009 1440
751 1009
1 0
1171 1341
0 2
377 479
1057 1440
1 1
314 864
892 1190
2 0
823 1082
1082 1440
0 2
40 64
751 1424
2 0
509 746
1025 1440
2 0
1125 1440
1097 1125
0 2
1080 1440
10 360
1 0
934 1440
0 2
67 229
868 1000
1 1
1093 1159
1325 1440
2 0
611 757
86 294
0 2
1071 1440
49 335
2 0
1357 1440
1312 1357
0 2
541 901
180 540
0 2
1175 1217
575 1175
