100
4 4
1.4000
0.5000 0.7000 0.8000 0.6000
2 2
1.0000
0.0000 0.0000
2 2
0.0000
0.9000 0.8000
2 2
0.1000
0.4000 0.5000
46 46
14.9786
0.4614 0.2492 0.1358 0.6403 0.7823 0.7796 0.8528 0.9624 0.3181 0.7409 0.4155 0.8840 0.8402 0.1999 0.6907 0.2121 0.1719 0.3282 0.4098 0.4630 0.1636 0.6997 0.7051 0.2614 0.7862 0.5052 0.9640 0.3426 0.3029 0.6723 0.1730 0.1626 0.9293 0.3814 0.9325 0.5270 0.7871 0.7154 0.4565 0.5320 0.8857 0.9239 0.2646 0.1019 0.0236 0.8960
47 47
18.3058
0.5167 0.5660 0.9500 0.1905 0.0525 0.3653 0.9981 0.4275 0.9839 0.0404 0.0336 0.0747 0.3782 0.7687 0.1391 0.2590 0.9775 0.8124 0.0724 0.3179 0.8196 0.7240 0.1291 0.9708 0.2943 0.4887 0.0616 0.8293 0.7029 0.8407 0.6182 0.7805 0.3670 0.6692 0.4626 0.7938 0.1337 0.7546 0.3694 0.7776 0.4179 0.6617 0.6732 0.6263 0.4267 0.6321 0.3856
48 48
16.9379
0.6387 0.5020 0.8689 0.7140 0.4590 0.3889 0.8226 0.1923 0.1010 0.7764 0.0888 0.7270 0.0163 0.1918 0.4516 0.6138 0.9093 0.0586 0.3916 0.5902 0.2164 0.9237 0.3245 0.4457 0.5620 0.4201 0.9859 0.9522 0.9426 0.0076 0.6919 0.8704 0.7000 0.4813 0.4601 0.5842 0.7862 0.5229 0.9692 0.0897 0.8982 0.7823 0.0676 0.5529 0.6993 0.5745 0.5605 0.9951
49 49
20.2683
0.2789 0.7942 0.2480 0.7107 0.6373 0.6441 0.1320 0.4174 0.7826 0.9734 0.1440 0.9227 0.6519 0.1548 0.0219 0.3344 0.0411 0.0591 0.3980 0.8367 0.2412 0.5334 0.2086 0.0718 0.5029 0.8740 0.2576 0.5374 0.2965 0.3874 0.7761 0.0925 0.8582 0.3653 0.8103 0.8118 0.4113 0.4793 0.4466 0.2626 0.4552 0.3350 0.9141 0.0909 0.2140 0.3606 0.8098 0.1195 0.9535
48 48
15.1095
0.0010 0.9677 0.6734 0.9171 0.9562 0.8434 0.7350 0.9042 0.7628 0.2318 0.0842 0.0136 0.3894 0.1627 0.5402 0.8898 0.4570 0.3391 0.9887 0.8316 0.4993 0.4128 0.4548 0.0716 0.3309 0.0685 0.5334 0.9753 0.9349 0.8740 0.1954 0.9291 0.2327 0.4018 0.1636 0.0342 0.5823 0.4204 0.9767 0.4335 0.3271 0.2851 0.6529 0.8189 0.8829 0.6693 0.3360 0.3362
45 45
13.8792
0.1122 0.5596 0.7636 0.5650 0.5643 0.7065 0.2144 0.0729 0.5182 0.6070 0.9553 0.8018 0.2534 0.5750 0.8052 0.5967 0.2010 0.8813 0.6553 0.2306 0.3125 0.7093 0.6052 0.9898 0.5973 0.0602 0.5134 0.2229 0.7701 0.4361 0.5812 0.8520 0.6620 0.7592 0.9646 0.9653 0.8070 0.6955 0.1610 0.7001 0.3006 0.6864 0.4562 0.0728 0.1405
50 50
17.3465
0.5002 0.9298 0.3629 0.4594 0.3128 0.3799 0.3985 0.9896 0.0430 0.5451 0.4218 0.8439 0.1695 0.0201 0.7615 0.8567 0.6588 0.8116 0.2925 0.7407 0.4690 0.2514 0.5590 0.9746 0.8604 0.9582 0.7012 0.5875 0.5722 0.5404 0.8871 0.9734 0.9454 0.7494 0.8794 0.1991 0.3501 0.5457 0.6826 0.8364 0.9477 0.3625 0.7197 0.9639 0.2089 0.2941 0.4166 0.8608 0.5141 0.8534
49 49
14.7101
0.9515 0.9687 0.0203 0.7455 0.0454 0.5364 0.2957 0.3096 0.8655 0.6450 0.4078 0.4985 0.3183 0.4196 0.8650 0.2291 0.2080 0.7423 0.5966 0.3570 0.3450 0.7748 0.7392 0.5136 0.4024 0.8818 0.7052 0.4917 0.4554 0.5777 0.5089 0.9743 0.6950 0.6027 0.7490 0.0949 0.0951 0.9146 0.9975 0.2501 0.8233 0.5742 0.0045 0.6546 0.4308 0.8374 0.8995 0.1861 0.8446
50 50
21.3605
0.8660 0.3305 0.8214 0.1853 0.9626 0.0649 0.2061 0.8491 0.9582 0.6778 0.4812 0.7857 0.7111 0.1126 0.9858 0.2303 0.0809 0.6779 0.6912 0.8513 0.5359 0.4764 0.5624 0.0066 0.1530 0.7839 0.8941 1.0000 0.1672 0.5614 0.9685 0.4409 0.3112 0.7955 0.1432 0.9555 0.6637 0.4770 0.1102 0.9942 0.5841 0.7074 0.8636 0.1851 0.1814 0.4133 0.6846 0.6046 0.6923 0.5920
1 1
0.3333
0.0000
4 4
0.0001
0.0000 0.0000 0.0000 0.0000
49 49
19.9102
0.3976 0.9147 0.1898 0.2988 0.2081 0.5851 0.9935 0.6368 0.1374 0.6238 0.1155 0.9842 0.2708 0.0238 0.7087 0.6958 0.9549 0.1809 0.9319 0.2619 0.3496 0.6476 0.8786 0.9768 0.8049 0.1306 0.4254 0.6953 0.7760 0.2945 0.9414 0.2501 0.3002 0.0988 0.8479 0.2849 0.9374 0.8414 0.0633 0.3459 0.9423 0.2414 0.5330 0.2396 0.3083 0.7048 0.5898 0.3393 0.0473
50 50
0.0000
0.3333 0.3333 0.3333 0.3333 0.3333 0.3333 0.3333 0.3333 0.3333 0.3333 0.3333 0.3333 0.3333 0.3333 0.3333 0.3333 0.3333 0.3333 0.3333 0.3333 0.3333 0.3333 0.3333 0.3333 0.3333 0.3333 0.3333 0.3333 0.3333 0.3333 0.3333 0.3333 0.3333 0.3333 0.3333 0.3333 0.3333 0.3333 0.3333 0.3333 0.3333 0.3333 0.3333 0.3333 0.3333 0.3333 0.3333 0.3333 0.3333 0.3333
50 50
0.0000
1.0000 1.0000 1.0000 1.0000 1.0000 1.0000 1.0000 1.0000 1.0000 1.0000 1.0000 1.0000 1.0000 1.0000 1.0000 1.0000 1.0000 1.0000 1.0000 1.0000 1.0000 1.0000 1.0000 1.0000 1.0000 1.0000 1.0000 1.0000 1.0000 1.0000 1.0000 1.0000 1.0000 1.0000 1.0000 1.0000 1.0000 1.0000 1.0000 1.0000 1.0000 1.0000 1.0000 1.0000 1.0000 1.0000 1.0000 1.0000 1.0000 1.0000
46 46
16.5894
0.1184 0.8676 0.3748 0.9898 0.8227 0.4284 0.3976 0.6358 0.5079 0.1303 0.6283 0.1133 0.0200 0.5234 0.1184 0.9130 0.5485 0.6224 0.8061 0.8259 0.1215 0.3075 0.8741 0.7946 0.9120 0.3149 0.6404 0.1445 0.9301 0.6341 0.2528 0.3959 0.6312 0.5061 0.2444 0.2212 0.3346 0.5415 0.4532 0.8792 0.0809 0.1952 0.7905 0.7084 0.2594 0.3460
46 46
20.7060
0.0887 0.2452 0.4671 0.3146 0.7986 0.2082 0.7157 0.7123 0.1071 0.3800 0.3464 0.9390 0.3425 0.4317 0.0181 0.2164 0.4748 0.3677 0.0506 0.1547 0.6136 0.6006 0.0677 0.4641 0.1565 0.0907 0.1173 0.4556 0.9600 0.7331 0.1410 0.8953 0.3509 0.4174 0.4643 0.4631 0.2960 0.5267 0.8580 0.1875 0.1257 0.5723 0.8879 0.8659 0.5730 0.5659
46 46
15.1825
0.5338 0.8861 0.2993 0.0895 0.7949 0.4072 0.0341 0.7826 0.0795 0.3788 0.9206 0.2531 0.6467 0.8687 0.7646 0.9040 0.4311 0.2628 0.0584 0.1545 0.3745 0.7880 0.6306 0.4651 0.2838 0.8144 0.3354 0.7302 0.9569 0.2457 0.3021 0.8481 0.6212 0.2890 0.9795 0.6362 0.0943 0.8578 0.7921 0.4639 0.2850 0.9144 0.9281 0.0494 0.6859 0.6691
45 45
3.5904
0.4031 0.2692 0.3308 0.4972 0.8268 0.3233 0.3028 0.8945 0.3252 0.9111 0.5127 0.6942 0.3085 0.1847 0.1824 0.4244 0.3892 0.2361 0.9563 0.3880 0.5221 0.3448 0.8465 0.5679 0.5776 0.3324 0.7976 0.7122 0.3655 0.1272 0.1036 0.4568 0.4520 0.1018 0.4465 0.8075 0.4581 0.7398 0.1720 0.7715 0.6697 0.2414 0.4654 0.7248 0.4820
49 49
17.7268
0.0437 0.6416 0.9621 0.9210 0.6709 0.2922 0.6765 0.7429 0.5180 0.1329 0.1732 0.8450 0.9272 0.9623 0.3341 0.2369 0.2468 0.1228 0.5256 0.8842 0.4601 0.8014 0.5537 0.7276 0.5690 0.7177 0.2770 0.5260 0.2408 0.2675 0.1488 0.4375 0.5734 0.9631 0.1996 0.9904 0.5774 0.4125 0.2025 0.9182 0.5168 0.7080 0.9243 0.3085 0.6048 0.3306 0.9898 0.6217 0.8355
50 50
21.3455
0.2553 0.2589 0.4890 0.7890 0.1907 0.8020 0.5760 0.1300 0.4100 0.4976 0.6920 0.9956 0.2096 0.7527 0.0853 0.2064 0.3590 0.1898 0.6288 0.1148 0.2131 0.9777 0.1080 0.5026 0.2951 0.4746 0.7687 0.4540 0.4710 0.7268 0.4809 0.8808 0.8452 0.0264 0.5504 0.5889 0.6274 0.2377 0.7414 0.2817 0.6808 0.1166 0.9822 0.1121 0.7837 0.3460 0.0996 0.2301 0.0197 0.6007
49 49
18.3577
0.3507 0.3283 0.3674 0.5725 0.6115 0.8849 0.4260 0.1213 0.5729 0.3253 0.6910 0.0168 0.8027 0.6355 0.5078 0.8725 0.6148 0.6507 0.7565 0.0181 0.9813 0.0749 0.8321 0.2163 0.9790 0.8383 0.4402 0.7342 0.4640 0.2003 0.0285 0.4985 0.2654 0.4617 0.7632 0.8568 0.2497 0.3240 0.9656 0.6523 0.5537 0.2839 0.0156 0.3725 0.6502 0.1589 0.3349 0.3098 0.5415
50 50
26.3958
0.9612 0.7830 0.6799 0.1077 0.5501 0.4372 0.6959 0.0443 0.4987 0.0066 0.3934 0.9834 0.0178 0.5823 0.3805 0.2408 0.3568 0.3022 0.5395 0.4922 0.8280 0.4125 0.7711 0.2243 0.4856 0.0641 0.0233 0.2808 0.4290 0.5810 0.2295 0.0808 0.0194 0.0465 0.5966 0.9534 0.9872 0.7772 0.1829 0.2309 0.0638 0.3736 0.7193 0.9488 0.0995 0.3645 0.8039 0.3258 0.1449 0.1683
50 50
22.7976
0.6521 0.4661 0.6758 0.1490 0.1239 0.1252 0.2908 0.4661 0.0926 0.1148 0.1880 0.8000 0.8360 0.7948 0.2597 0.5062 0.0082 0.6896 0.5445 0.4412 0.7443 0.0026 0.8926 0.8088 0.1762 0.5803 0.4969 0.6633 0.9855 0.1913 0.2188 0.9575 0.2030 0.6969 0.5080 0.4468 0.7929 0.0359 0.7522 0.6623 0.9258 0.3173 0.0788 0.3146 0.0780 0.2749 0.5668 0.7448 0.5890 0.9549
45 45
18.6539
0.9697 0.0177 0.8881 0.3345 0.8238 0.5220 0.5087 0.5433 0.3594 0.4705 0.2572 0.4658 0.5891 0.5111 0.6510 0.8849 0.5207 0.0250 0.2933 0.8236 0.2601 0.4556 0.4329 0.4108 0.2174 0.0712 0.0512 0.9953 0.8187 0.6906 0.7284 0.2632 0.6439 0.9887 0.9999 0.1677 0.3310 0.2519 0.5952 0.1503 0.0776 0.8131 0.9032 0.5318 0.1489
1 1
1.0000
0.0000
50 50
18.0046
0.1190 0.7132 0.4640 0.3491 0.5149 0.0964 0.7597 0.9369 0.6326 0.0409 0.2304 0.3708 0.0595 0.3204 0.4419 0.1464 0.8162 0.6825 0.4952 0.9857 0.5255 0.4902 0.6367 0.5462 0.9406 0.5651 0.5165 0.9476 0.8281 0.5979 0.9926 0.9236 0.7651 0.0168 0.1216 0.6446 0.2586 0.2695 0.6774 0.4771 0.2307 0.1369 0.3554 0.8127 0.4902 0.2552 0.6111 0.5644 0.6869 0.1672
46 46
16.7810
0.8525 0.6984 0.0346 0.7217 0.1841 0.1881 0.0386 0.8231 0.4481 0.1390 0.2601 0.4306 0.9029 0.6790 0.5233 0.9986 0.8850 0.5537 0.2488 0.4402 0.4968 0.0298 0.8966 0.7361 0.7758 0.8070 0.7888 0.9084 0.9954 0.2426 0.2554 0.3171 0.1497 0.8526 0.5056 0.2440 0.2230 0.3521 0.6588 0.8312 0.4600 0.3292 0.0089 0.4369 0.2552 0.9759
47 47
0.5837
0.3950 0.2756 0.7970 0.7741 0.6696 0.4186 0.9137 0.8283 0.3154 0.3602 0.7167 0.2916 0.1213 0.6048 0.0082 0.0343 0.8867 0.7999 0.5956 0.4740 0.8207 0.4096 0.8463 0.4499 0.7012 0.8738 0.5603 0.5064 0.9918 0.7335 0.5373 0.3793 0.9160 0.0304 0.3682 0.1291 0.2637 0.5026 0.6131 0.7619 0.5646 0.1457 0.6586 0.2976 0.8003 0.8177 0.6248
46 46
20.3280
0.3217 0.2934 0.6646 0.6101 0.3446 0.5031 0.8482 0.0215 0.2622 0.0859 0.1580 0.2110 0.9189 0.0141 0.6620 0.8652 0.3221 0.6537 0.3129 0.3401 0.6941 0.1240 0.6442 0.9708 0.4173 0.1752 0.1187 0.3272 0.0731 0.0423 0.4441 0.2052 0.3298 0.0209 0.7459 0.7272 0.3266 0.3932 0.6722 0.1701 0.3254 0.7995 0.4812 0.2837 0.3092 0.2166
48 48
19.8986
0.9950 0.6827 0.5395 0.4920 0.3298 0.4806 0.6737 0.2875 0.5830 0.8474 0.5932 0.6532 0.9196 0.2866 0.2373 0.3498 0.7568 0.4011 0.0506 0.5310 0.4568 0.0986 0.9036 0.0435 0.1986 0.3298 0.0895 0.6482 0.7643 0.1562 0.6589 0.9169 0.0206 0.5206 0.1552 0.4910 0.8418 0.7888 0.8232 0.4011 0.3731 0.0343 0.0045 0.3402 0.8494 0.4715 0.0627 0.8023
46 46
17.0133
0.9283 0.0626 0.6920 0.7233 0.7359 0.5006 0.6158 0.2774 0.8200 0.6746 0.3287 0.9435 0.3044 0.9745 0.3729 0.9567 0.0939 0.4772 0.7762 0.7167 0.2802 0.5632 0.0427 0.5513 0.3150 0.9794 0.6713 0.5416 0.6350 0.3495 0.1033 0.3904 0.9436 0.9555 0.2841 0.7194 0.5286 0.0897 0.1548 0.2069 0.6278 0.1889 0.1146 0.3237 0.1600 0.4430
50 50
0.0000
0.8765 0.8765 0.8765 0.8765 0.8765 0.8765 0.8765 0.8765 0.8765 0.8765 0.8765 0.8765 0.8765 0.8765 0.8765 0.8765 0.8765 0.8765 0.8765 0.8765 0.8765 0.8765 0.8765 0.8765 0.8765 0.8765 0.8765 0.8765 0.8765 0.8765 0.8765 0.8765 0.8765 0.8765 0.8765 0.8765 0.8765 0.8765 0.8765 0.8765 0.8765 0.8765 0.8765 0.8765 0.8765 0.8765 0.8765 0.8765 0.8765 0.8765
50 50
0.0000
0.0000 0.0000 0.0000 0.0000 0.0000 0.0000 0.0000 0.0000 0.0000 0.0000 0.0000 0.0000 0.0000 0.0000 0.0000 0.0000 0.0000 0.0000 0.0000 0.0000 0.0000 0.0000 0.0000 0.0000 0.0000 0.0000 0.0000 0.0000 0.0000 0.0000 0.0000 0.0000 0.0000 0.0000 0.0000 0.0000 0.0000 0.0000 0.0000 0.0000 0.0000 0.0000 0.0000 0.0000 0.0000 0.0000 0.0000 0.0000 0.0000 0.0000
46 46
17.1429
0.9359 0.0764 0.1883 0.0638 0.2863 0.1752 0.5175 0.1605 0.9965 0.7982 0.5985 0.1520 0.3232 0.9266 0.2225 0.5430 0.6879 0.1368 0.7302 0.3766 0.9938 0.5113 0.5658 0.5177 0.7694 0.7643 0.2884 0.0240 0.4757 0.9194 0.0537 0.8597 0.0580 0.8318 0.8059 0.6035 0.2590 0.6175 0.0762 0.6236 0.5421 0.9175 0.1478 0.0092 0.5324 0.1282
47 47
23.7166
0.1101 0.1223 0.2123 0.3481 0.1749 0.3675 0.2525 0.5392 0.7240 0.4481 0.2401 0.7222 0.5336 0.3964 0.6504 0.7320 0.6023 0.4393 0.1149 0.7254 0.1841 0.3619 0.3306 0.0217 0.1791 0.3523 0.3320 0.4523 0.2299 0.0749 0.8806 0.9316 0.9206 0.2403 0.2944 0.2944 0.8224 0.3880 0.0582 0.0595 0.3653 0.9046 0.5411 0.3560 0.5452 0.0232 0.1012
50 50
24.8456
0.9059 0.7221 0.2118 0.7071 0.1849 0.1384 0.1745 0.1702 0.3566 0.4683 0.1301 0.1928 0.9438 0.8570 0.5025 0.2426 0.3085 0.1902 0.8018 0.0046 0.3645 0.8357 0.0620 0.8429 0.7030 0.4795 0.5032 0.3933 0.9918 0.8836 0.7802 0.4649 0.5959 0.7766 0.5795 0.5873 0.5792 0.2032 0.0972 0.6979 0.5353 0.1540 0.5885 0.6824 0.9248 0.0434 0.3362 0.1376 0.2634 0.3546
50 50
0.0000
0.8700 0.8700 0.8700 0.8700 0.8700 0.8700 0.8700 0.8700 0.8700 0.8700 0.8700 0.8700 0.8700 0.8700 0.8700 0.8700 0.8700 0.8700 0.8700 0.8700 0.8700 0.8700 0.8700 0.8700 0.8700 0.8700 0.8700 0.8700 0.8700 0.8700 0.8700 0.8700 0.8700 0.8700 0.8700 0.8700 0.8700 0.8700 0.8700 0.8700 0.8700 0.8700 0.8700 0.8700 0.8700 0.8700 0.8700 0.8700 0.8700 0.8700
50 50
33.3350
0.3333 0.3333 0.3333 0.3333 0.3333 0.3333 0.3333 0.3333 0.3333 0.3333 0.3333 0.3333 0.3333 0.3333 0.3333 0.3333 0.3333 0.3333 0.3333 0.3333 0.3333 0.3333 0.3333 0.3333 0.3333 0.3333 0.3333 0.3333 0.3333 0.3333 0.3333 0.3333 0.3333 0.3333 0.3333 0.3333 0.3333 0.3333 0.3333 0.3333 0.3333 0.3333 0.3333 0.3333 0.3333 0.3333 0.3333 0.3333 0.3333 0.3333
47 47
20.5264
0.9173 0.8129 0.7700 0.8864 0.5665 0.5650 0.9401 0.2278 0.0104 0.6123 0.7010 0.2043 0.2368 0.2839 0.1005 0.7434 0.1378 0.5689 0.1530 0.9907 0.1385 0.7550 0.2127 0.3786 0.4073 0.0905 0.3593 0.8820 0.1093 0.9455 0.3438 0.8878 0.4884 0.6376 0.2984 0.2110 0.4823 0.3057 0.0738 0.2145 0.5230 0.5408 0.0197 0.2643 0.4331 0.3371 0.3608
46 46
18.2637
0.0801 0.5681 0.6451 0.4505 0.7940 0.5573 0.7307 0.8307 0.5367 0.5651 0.4287 0.6534 0.7213 0.1944 0.7061 0.7161 0.3532 0.3104 0.2949 0.2022 0.7198 0.1495 0.1161 0.9644 0.6756 0.3112 0.7957 0.7335 0.4958 0.3966 0.2508 0.4716 0.1633 0.1547 0.2619 0.7709 0.3928 0.1964 0.8203 0.0576 0.8536 0.4294 0.6233 0.6323 0.9329 0.6594
50 50
16.3053
0.5855 0.0826 0.4730 0.7065 0.7238 0.6272 0.7477 0.7223 0.0677 0.3244 0.0603 0.6809 0.5924 0.3198 0.1018 0.4698 0.4220 0.1132 0.8906 0.6604 0.0418 0.2620 0.7891 0.8613 0.9353 0.9985 0.2647 0.6720 0.3253 0.5575 0.3912 0.2632 0.9798 0.9396 0.7787 0.0984 0.3663 0.5366 0.3268 0.9652 0.8189 0.5300 0.9382 0.2638 0.6549 0.7065 0.5320 0.0891 0.5133 0.9198
50 50
0.6901
0.6759 0.0857 0.2108 0.8265 0.5154 0.0863 0.3483 0.1090 0.0507 0.6986 0.2683 0.2443 0.7744 0.3512 0.7255 0.9318 0.8764 0.1546 0.6598 0.5983 0.5160 0.1761 0.7742 0.7287 0.8928 0.3158 0.9926 0.2791 0.0770 0.9438 0.6915 0.2665 0.2187 0.0539 0.1224 0.8091 0.3724 0.7417 0.1842 0.9641 0.8871 0.7951 0.2215 0.3337 0.6196 0.3303 0.5109 0.8733 0.7205 0.0932
50 50
50.0000
0.0000 0.0000 0.0000 0.0000 0.0000 0.0000 0.0000 0.0000 0.0000 0.0000 0.0000 0.0000 0.0000 0.0000 0.0000 0.0000 0.0000 0.0000 0.0000 0.0000 0.0000 0.0000 0.0000 0.0000 0.0000 0.0000 0.0000 0.0000 0.0000 0.0000 0.0000 0.0000 0.0000 0.0000 0.0000 0.0000 0.0000 0.0000 0.0000 0.0000 0.0000 0.0000 0.0000 0.0000 0.0000 0.0000 0.0000 0.0000 0.0000 0.0000
48 48
17.8476
0.6708 0.3721 0.5719 0.7787 0.3400 0.0467 0.2827 0.3626 0.9554 0.4103 0.3932 0.8117 0.9580 0.3193 0.0308 0.6409 0.6734 0.9330 0.6218 0.6386 0.7066 0.6434 0.9117 0.6839 0.2775 0.0325 0.8895 0.0637 0.2427 0.0228 0.6415 0.2872 0.4401 0.7241 0.9895 0.7296 0.3336 0.2638 0.2947 0.2087 0.7725 0.1620 0.7735 0.1704 0.9921 0.2598 0.7933 0.4914
48 48
20.3402
0.4710 0.8412 0.1250 0.8233 0.4526 0.4891 0.1125 0.9053 0.0656 0.5761 0.3836 0.7691 0.3304 0.7771 0.3660 0.0754 0.7439 0.0100 0.3527 0.9985 0.2800 0.3404 0.4910 0.6164 0.9453 0.1810 0.2246 0.4533 0.4589 0.1682 0.1549 0.1537 0.0144 0.8784 0.7850 0.0050 0.1331 0.7837 0.3369 0.5961 0.7363 0.0132 0.6154 0.2714 0.0851 0.8591 0.5579 0.3820
45 45
21.7533
0.8221 0.8960 0.5910 0.7204 0.0885 0.9890 0.1042 0.1598 0.6178 0.4043 0.1383 0.3885 0.5240 0.9836 0.3566 0.7946 0.0456 0.8212 0.2438 0.7573 0.7312 0.3705 0.4389 0.4500 0.4770 0.2523 0.4180 0.7127 0.6151 0.5514 0.3467 0.7056 0.2405 0.2298 0.6006 0.8447 0.5014 0.8683 0.5766 0.8721 0.6566 0.0139 0.0300 0.6974 0.5518
49 49
17.6771
0.7358 0.6858 0.8510 0.5114 0.7418 0.4485 0.4257 0.5159 0.3139 0.8475 0.5233 0.5435 0.7713 0.8734 0.4702 0.8307 0.8338 0.2523 0.6357 0.0607 0.3052 0.7994 0.6646 0.4444 0.3867 0.2442 0.7723 0.5766 0.0792 0.7682 0.5010 0.7137 0.1652 0.7079 0.3305 0.1628 0.3462 0.9780 0.7931 0.8340 0.6882 0.2067 0.7331 0.4983 0.4290 0.5911 0.1019 0.4761 0.1621
50 50
0.0050
0.9999 0.9999 0.9999 0.9999 0.9999 0.9999 0.9999 0.9999 0.9999 0.9999 0.9999 0.9999 0.9999 0.9999 0.9999 0.9999 0.9999 0.9999 0.9999 0.9999 0.9999 0.9999 0.9999 0.9999 0.9999 0.9999 0.9999 0.9999 0.9999 0.9999 0.9999 0.9999 0.9999 0.9999 0.9999 0.9999 0.9999 0.9999 0.9999 0.9999 0.9999 0.9999 0.9999 0.9999 0.9999 0.9999 0.9999 0.9999 0.9999 0.9999
45 45
16.4692
0.9569 0.0106 0.9168 0.4115 0.7282 0.2838 0.5213 0.8358 0.5732 0.8444 0.9007 0.2219 0.9348 0.7794 0.0643 0.1915 0.3525 0.4494 0.2829 0.8618 0.7424 0.4481 0.6369 0.9972 0.8416 0.0566 0.6055 0.1502 0.3093 0.2022 0.6817 0.0513 0.8515 0.4862 0.2514 0.2323 0.8547 0.7750 0.7626 0.5161 0.4736 0.3548 0.1652 0.2620 0.5020
50 50
1.0000
0.3333 0.3333 0.3333 0.3333 0.3333 0.3333 0.3333 0.3333 0.3333 0.3333 0.3333 0.3333 0.3333 0.3333 0.3333 0.3333 0.3333 0.3333 0.3333 0.3333 0.3333 0.3333 0.3333 0.3333 0.3333 0.3333 0.3333 0.3333 0.3333 0.3333 0.3333 0.3333 0.3333 0.3333 0.3333 0.3333 0.3333 0.3333 0.3333 0.3333 0.3333 0.3333 0.3333 0.3333 0.3333 0.3333 0.3333 0.3333 0.3333 0.3333
46 46
14.6345
0.3723 0.1327 0.9566 0.7059 0.5704 0.2120 0.9643 0.7913 0.3486 0.4283 0.3517 0.2424 0.6501 0.1493 0.5746 0.6386 0.0334 0.5240 0.4697 0.9816 0.5556 0.3233 0.0572 0.0870 0.8684 0.9103 0.0930 0.7222 0.0926 0.4564 0.7695 0.8326 0.7930 0.9326 0.2828 0.6971 0.9389 0.4834 0.4501 0.0859 0.8190 0.3771 0.9360 0.8604 0.5624 0.1023
48 48
20.7705
0.4263 0.5356 0.9788 0.0347 0.3014 0.6758 0.4953 0.4096 0.6979 0.4683 0.7054 0.0524 0.0182 0.8026 0.0090 0.8755 0.2532 0.8634 0.0400 0.8954 0.4333 0.7053 0.4365 0.7546 0.6188 0.0475 0.8232 0.9547 0.0389 0.7571 0.1648 0.4481 0.6940 0.9402 0.3202 0.1471 0.5700 0.5815 0.2624 0.9033 0.1707 0.4208 0.3681 0.9109 0.4894 0.1392 0.8155 0.8408
47 47
20.7118
0.8211 0.7850 0.9231 0.4076 0.8637 0.1237 0.2404 0.5410 0.6915 0.4311 0.8019 0.5755 0.0215 0.3480 0.2252 0.5684 0.9107 0.0158 0.3474 0.2756 0.4591 0.7764 0.3726 0.3280 0.4255 0.9626 0.0678 0.4432 0.9156 0.0488 0.4693 0.2133 0.5181 0.1015 0.5414 0.8339 0.5393 0.6786 0.4701 0.5286 0.3653 0.4883 0.3372 0.5383 0.2521 0.7870 0.2094
45 45
15.2436
0.0210 0.4744 0.4103 0.4695 0.8375 0.0849 0.7318 0.1065 0.3089 0.5500 0.3684 0.6949 0.0478 0.2276 0.3572 0.1014 0.8272 0.2504 0.4649 0.6925 0.3554 0.0531 0.3831 0.6095 0.9299 0.7943 0.6214 0.8611 0.9088 0.3496 0.8754 0.9625 0.7467 0.6091 0.7178 0.1918 0.8106 0.4632 0.8359 0.6617 0.1182 0.8016 0.0692 0.0380 0.5081
48 48
16.9852
0.0234 0.0508 0.9911 0.7372 0.5109 0.0272 0.4875 0.7695 0.1580 0.1043 0.3288 0.8892 0.3465 0.7392 0.9220 0.4641 0.6736 0.9009 0.5017 0.7536 0.5249 0.2578 0.6169 0.3913 0.1903 0.1044 0.4949 0.3661 0.8746 0.9238 0.2648 0.7620 0.2356 0.6269 0.6019 0.3754 0.6388 0.4422 0.6541 0.3875 0.6576 0.1010 0.1077 0.7999 0.3409 0.6828 0.6221 0.0867
48 48
18.3146
0.8543 0.6326 0.6301 0.0035 0.6553 0.2609 0.7578 0.4324 0.2414 0.1945 0.5140 0.6074 0.2681 0.7821 0.5403 0.9410 0.2284 0.3246 0.9199 0.5142 0.6368 0.9909 0.3962 0.4310 0.9911 0.4874 0.2038 0.7693 0.7892 0.0133 0.4229 0.4042 0.6463 0.4060 0.8591 0.4238 0.2681 0.2571 0.8936 0.1586 0.6254 0.1366 0.8477 0.9687 0.1697 0.1659 0.3528 0.8499
48 48
18.1399
0.9269 0.1834 0.6938 0.9134 0.6081 0.0196 0.6888 0.1440 0.2019 0.3856 0.2963 0.0363 0.8462 0.9278 0.3765 0.7961 0.4388 0.6385 0.8263 0.6520 0.2847 0.3876 0.9505 0.0938 0.1317 0.7653 0.5320 0.2594 0.8016 0.8774 0.6437 0.5889 0.6585 0.0239 0.4612 0.3702 0.2979 0.0912 0.7083 0.1196 0.3729 0.9016 0.4947 0.8363 0.5448 0.1864 0.5556 0.2732
48 48
18.2812
0.0490 0.5517 0.3594 0.5196 0.4245 0.6288 0.1796 0.6967 0.8239 0.4905 0.4645 0.3388 0.6979 0.0316 0.0178 0.7012 0.6412 0.7656 0.8776 0.7917 0.7770 0.8704 0.4216 0.3554 0.5370 0.7517 0.0803 0.0817 0.3532 0.2855 0.5888 0.1569 0.2057 0.3462 0.0799 0.8944 0.4076 0.5221 0.8938 0.7014 0.6746 0.0170 0.0102 0.0698 0.5825 0.2257 0.7132 0.9601
50 50
24.6999
0.7084 0.2817 0.9036 0.2256 0.8270 0.4199 0.4756 0.4279 0.4307 0.4984 0.0076 0.5811 0.4359 0.1387 0.1889 0.6704 0.5718 0.4612 0.1219 0.0268 0.2352 0.1150 0.4517 0.9972 0.2167 0.8501 0.7120 0.1901 0.2332 0.8481 0.8169 0.3776 0.3547 0.4161 0.7866 0.1167 0.3235 0.2294 0.0485 0.3240 0.3954 0.7222 0.7985 0.9970 0.0523 0.2607 0.1404 0.2382 0.2924 0.5721
48 48
17.4011
0.3500 0.8886 0.7657 0.8481 0.8508 0.8952 0.8598 0.0173 0.4261 0.4325 0.2527 0.0684 0.1090 0.9427 0.8631 0.1518 0.9210 0.7561 0.0691 0.1757 0.5909 0.9048 0.8031 0.7303 0.1523 0.6831 0.2262 0.2818 0.1566 0.3740 0.2653 0.4061 0.1131 0.4860 0.4533 0.5909 0.2814 0.6942 0.2884 0.3281 0.3973 0.9609 0.4854 0.9892 0.1131 0.0471 0.2255 0.3386
4 4
1.3999
0.5000 0.8000 0.6000 0.7000
45 45
21.1041
0.9090 0.7153 0.3967 0.3381 0.6475 0.5743 0.3485 0.3481 0.7584 0.0004 0.8892 0.2220 0.6754 0.1153 0.7525 0.4924 0.3881 0.3020 0.3568 0.9323 0.8163 0.1138 0.2626 0.8063 0.0703 0.2377 0.4447 0.9043 0.4751 0.2267 0.0924 0.9913 0.6248 0.1191 0.5098 0.5048 0.2477 0.9398 0.7119 0.2333 0.0635 0.7574 0.6160 0.2867 0.8323
47 47
17.8433
0.0700 0.8368 0.6703 0.6649 0.4323 0.1552 0.5576 0.1653 0.8056 0.8792 0.2157 0.2860 0.7714 0.2353 0.0837 0.1314 0.1160 0.7454 0.4924 0.4737 0.6846 0.6810 0.3438 0.6009 0.6338 0.3716 0.1784 0.2378 0.5442 0.1335 0.5637 0.4984 0.2776 0.8459 0.4106 0.0365 0.2828 0.4354 0.8192 0.0985 0.4933 0.4759 0.4243 0.9912 0.7620 0.3609 0.8279
1 1
0.5000
0.5000
49 49
23.1514
0.7963 0.1795 0.4468 0.0482 0.8038 0.3733 0.5476 0.3926 0.1098 0.2295 0.3655 0.9342 0.6757 0.5590 0.2561 0.0682 0.0250 0.9930 0.4614 0.3263 0.3514 0.7285 0.4196 0.6492 0.0176 0.6987 0.5844 0.9168 0.7570 0.5986 0.1830 0.2473 0.5833 0.3552 0.4504 0.6535 0.7551 0.0044 0.1052 0.8144 0.4068 0.5597 0.6305 0.4615 0.3785 0.4364 0.2181 0.9912 0.1935
45 45
16.5090
0.8101 0.9081 0.3665 0.5789 0.3876 0.5937 0.1272 0.1610 0.5680 0.7882 0.8838 0.4983 0.8368 0.0585 0.5772 0.1891 0.9203 0.7962 0.9710 0.0220 0.1073 0.2592 0.2502 0.3161 0.0805 0.1709 0.6913 0.9040 0.0302 0.6293 0.3689 0.0616 0.9590 0.9034 0.7615 0.0677 0.8065 0.8344 0.1959 0.5470 0.9068 0.6962 0.5011 0.0162 0.5948
2 2
0.5000
0.5000 0.5000
49 49
16.0604
0.9034 0.6803 0.0963 0.5238 0.5131 0.9552 0.5632 0.6531 0.8164 0.9061 0.4118 0.7675 0.6764 0.1993 0.3661 0.6877 0.3183 0.3454 0.4923 0.9513 0.2263 0.0828 0.6459 0.0271 0.5553 0.5423 0.8824 0.6551 0.2815 0.2685 0.9412 0.0766 0.1719 0.8468 0.7886 0.6850 0.4456 0.6479 0.9583 0.6122 0.8463 0.3352 0.4547 0.1859 0.0593 0.4062 0.2712 0.2213 0.6917
48 48
15.7254
0.6631 0.5430 0.6473 0.9327 0.7192 0.6579 0.8249 0.5584 0.1511 0.2454 0.6410 0.4918 0.2071 0.6365 0.6220 0.6539 0.1621 0.9428 0.3736 0.1179 0.4616 0.8307 0.0218 0.4912 0.4404 0.5964 0.0341 0.5043 0.2756 0.7061 0.7088 0.8035 0.8786 0.7875 0.1839 0.1390 0.9084 0.0505 0.1228 0.5533 0.5009 0.4503 0.0720 0.8988 0.6761 0.7508 0.6232 0.6600
49 49
18.3863
0.8845 0.1994 0.2963 0.5625 0.4100 0.6280 0.6760 0.3898 0.5656 0.6935 0.3632 0.7862 0.8639 0.7769 0.4833 0.8422 0.9836 0.6526 0.5024 0.4996 0.1927 0.8444 0.9270 0.2569 0.7606 0.7320 0.4340 0.5715 0.9161 0.6149 0.0495 0.7705 0.1602 0.6258 0.8620 0.6988 0.3956 0.2113 0.0001 0.3479 0.8503 0.3547 0.3468 0.4602 0.8421 0.6780 0.1084 0.1760 0.8544
50 50
0.0049
0.9999 0.9999 0.9999 0.9999 0.9999 0.9999 0.9999 0.9999 0.9999 0.9999 0.9999 0.9999 0.9999 0.9999 0.9999 0.9999 0.9999 0.9999 0.9999 0.9999 0.9999 0.9999 0.9999 0.9999 0.9999 0.9999 0.9999 0.9999 0.9999 0.9999 0.9999 0.9999 0.9999 0.9999 0.9999 0.9999 0.9999 0.9999 0.9999 0.9999 0.9999 0.9999 0.9999 0.9999 0.9999 0.9999 0.9999 0.9999 0.9999 0.9999
50 50
17.1431
0.7006 0.0519 0.2357 0.1143 0.9060 0.4833 0.7093 0.4203 0.9771 0.5252 0.9689 0.1686 0.3560 0.1630 0.5595 0.2430 0.1351 0.0123 0.1925 0.8520 0.8732 0.2036 0.9582 0.5313 0.0785 0.4821 0.7588 0.9435 0.9845 0.4993 0.2985 0.3178 0.2093 0.2502 0.2319 0.9793 0.2513 0.3779 0.9563 0.5199 0.7288 0.5653 0.5183 0.3438 0.7860 0.3380 0.4970 0.6835 0.3610 0.2566
47 47
2.2784
0.4923 0.1277 0.1637 0.4495 0.0708 0.3084 0.1259 0.6483 0.1370 0.8840 0.0239 0.1539 0.3635 0.9056 0.9917 0.7586 0.7939 0.3204 0.9963 0.1305 0.4354 0.9460 0.5550 0.6852 0.2816 0.8278 0.3364 0.9042 0.1902 0.9770 0.5519 0.8156 0.1427 0.6641 0.6562 0.8193 0.7511 0.7958 0.8489 0.1664 0.8419 0.6506 0.6587 0.2346 0.1005 0.3553 0.1028
50 50
21.6285
0.4653 0.1780 0.6181 0.9797 0.0708 0.9108 0.0691 0.4811 0.5898 0.1178 0.4808 0.7055 0.5957 0.5820 0.4863 0.2501 0.5669 0.2458 0.6260 0.8402 0.1372 0.6918 0.0592 0.1136 0.7552 0.2680 0.1904 0.2760 0.0950 0.2958 0.0859 0.2626 0.6160 0.1203 0.0955 0.2112 0.9103 0.3289 0.7155 0.5171 0.3075 0.3665 0.3499 0.4614 0.6125 0.0716 0.1853 0.7527 0.7291 0.7331
48 48
13.7404
0.2476 0.5749 0.7465 0.8653 0.2778 0.5929 0.1153 0.6092 0.7730 0.8798 0.6178 0.9157 0.4901 0.7082 0.9503 0.1777 0.7297 0.0507 0.0227 0.4937 0.6776 0.9281 0.6727 0.2886 0.5372 0.6512 0.5136 0.3057 0.9486 0.9709 0.2491 0.4983 0.7812 0.6732 0.8404 0.0112 0.8133 0.5805 0.3424 0.4919 0.8594 0.3693 0.4834 0.7246 0.7185 0.8790 0.6128 0.1430
46 46
20.0435
0.2538 0.8939 0.7254 0.1205 0.5759 0.1177 0.3066 0.1101 0.3519 0.0644 0.9661 0.5903 0.6937 0.1383 0.1787 0.4604 0.1691 0.5423 0.9179 0.4490 0.6073 0.4523 0.8676 0.3855 0.7113 0.4154 0.1866 0.6392 0.0214 0.5303 0.4601 0.9162 0.7634 0.6436 0.3564 0.0528 0.1739 0.4487 0.3743 0.5137 0.6356 0.7133 0.4613 0.2014 0.0225 0.6329
2 2
0.3333
0.0000 0.0000
1 1
0.0000
1.0000
45 45
13.4969
0.2374 0.9770 0.9692 0.2192 0.1252 0.2628 0.6518 0.7939 0.1728 0.5730 0.5798 0.8840 0.9340 0.8878 0.9791 0.9336 0.9287 0.7731 0.9634 0.3240 0.0284 0.8084 0.1457 0.7104 0.9059 0.2634 0.5200 0.2583 0.7959 0.3556 0.3130 0.8313 0.5229 0.7946 0.0125 0.2819 0.8854 0.3622 0.2956 0.3248 0.6742 0.8579 0.6708 0.5432 0.9182
46 46
19.2003
0.6336 0.8718 0.1294 0.3617 0.9019 0.4920 0.4064 0.1139 0.5649 0.5620 0.9939 0.3354 0.8374 0.7105 0.5538 0.3938 0.1675 0.3724 0.3373 0.9976 0.0195 0.7959 0.4686 0.7426 0.0709 0.8657 0.0004 0.5933 0.8891 0.8378 0.8639 0.0451 0.1632 0.0704 0.3632 0.9179 0.6512 0.4057 0.6605 0.0600 0.7877 0.9383 0.4599 0.8094 0.0160 0.4981
50 50
17.9677
0.7263 0.7817 0.2524 0.9085 0.4999 0.6807 0.2038 0.5357 0.0355 0.1527 0.2245 0.3193 0.8401 0.4293 0.1078 0.2373 0.0933 0.9228 0.6005 0.3082 0.1473 0.9335 0.6685 0.9298 0.5899 0.3511 0.3762 0.1464 0.5523 0.9637 0.3596 0.0165 0.0510 0.9889 0.6172 0.8355 0.3391 0.3684 0.0822 0.9127 0.9389 0.0817 0.0369 0.7533 0.4622 0.1802 0.7372 0.0154 0.7493 0.1230
50 50
1.0000
0.0000 0.0000 0.0000 0.0000 0.0000 0.0000 0.0000 0.0000 0.0000 0.0000 0.0000 0.0000 0.0000 0.0000 0.0000 0.0000 0.0000 0.0000 0.0000 0.0000 0.0000 0.0000 0.0000 0.0000 0.0000 0.0000 0.0000 0.0000 0.0000 0.0000 0.0000 0.0000 0.0000 0.0000 0.0000 0.0000 0.0000 0.0000 0.0000 0.0000 0.0000 0.0000 0.0000 0.0000 0.0000 0.0000 0.0000 0.0000 0.0000 0.0000
1 1
0.3333
0.5000
48 48
23.7996
0.8243 0.2423 0.5431 0.6563 0.9284 0.3929 0.3168 0.4852 0.5521 0.7098 0.2387 0.2705 0.8588 0.5168 0.3670 0.4455 0.0558 0.1558 0.0554 0.6420 0.4054 0.8583 0.5671 0.8796 0.9248 0.4341 0.1918 0.5612 0.6412 0.8959 0.3550 0.4110 0.9374 0.4607 0.2150 0.8914 0.0881 0.3639 0.8030 0.0986 0.3375 0.1142 0.7692 0.9000 0.3717 0.4933 0.0059 0.0725
2 2
0.3333
0.5000 0.5000
48 48
20.1114
0.4490 0.8229 0.0171 0.6459 0.1239 0.1503 0.7000 0.9265 0.5807 0.8649 0.6213 0.2206 0.7209 0.1316 0.7768 0.5104 0.1376 0.1803 0.0771 0.8582 0.3352 0.1849 0.4240 0.9335 0.5149 0.6450 0.7363 0.2398 0.8850 0.7272 0.4047 0.7105 0.7676 0.6395 0.8096 0.5878 0.9034 0.8219 0.9503 0.6038 0.0881 0.4724 0.0415 0.5089 0.4441 0.9936 0.7313 0.7000
49 49
17.2593
0.4969 0.0787 0.2926 0.9273 0.8703 0.9005 0.5243 0.8645 0.3704 0.2381 0.4593 0.6203 0.6759 0.7487 0.3955 0.0419 0.3370 0.1323 0.9264 0.7774 0.5232 0.5711 0.9223 0.8523 0.6895 0.8847 0.0685 0.5980 0.4447 0.7067 0.2566 0.6281 0.0105 0.3222 0.0712 0.5813 0.6093 0.1681 0.6469 0.0653 0.2097 0.2131 0.3093 0.3017 0.6880 0.6857 0.1555 0.4657 0.2971
48 48
19.2976
0.8849 0.1093 0.1431 0.5180 0.6316 0.0736 0.5694 0.4126 0.7284 0.2081 0.9728 0.4594 0.7920 0.1741 0.6300 0.3589 0.5616 0.7682 0.1133 0.9742 0.5880 0.3839 0.5893 0.7656 0.5241 0.4034 0.1842 0.6646 0.2546 0.0971 0.2170 0.7755 0.4832 0.7436 0.0514 0.8222 0.3575 0.3304 0.3755 0.7453 0.0310 0.3556 0.3051 0.1583 0.6325 0.1420 0.6939 0.4440
50 50
0.0000
0.9999 0.9999 0.9999 0.9999 0.9999 0.9999 0.9999 0.9999 0.9999 0.9999 0.9999 0.9999 0.9999 0.9999 0.9999 0.9999 0.9999 0.9999 0.9999 0.9999 0.9999 0.9999 0.9999 0.9999 0.9999 0.9999 0.9999 0.9999 0.9999 0.9999 0.9999 0.9999 0.9999 0.9999 0.9999 0.9999 0.9999 0.9999 0.9999 0.9999 0.9999 0.9999 0.9999 0.9999 0.9999 0.9999 0.9999 0.9999 0.9999 0.9999
47 47
21.1183
0.4563 0.4466 0.9082 0.6578 0.8440 0.5980 0.4349 0.1856 0.7893 0.0678 0.5375 0.0309 0.7616 0.2402 0.1104 0.3440 0.3790 0.1449 0.3290 0.1836 0.4468 0.7641 0.7504 0.8141 0.8377 0.4409 0.7132 0.1971 0.4103 0.7218 0.0148 0.4615 0.3345 0.7700 0.9668 0.2525 0.4477 0.4264 0.8049 0.5202 0.8804 0.5630 0.1768 0.5961 0.2693 0.2811 0.4272
46 46
15.6867
0.9000 0.6704 0.8133 0.4988 0.8540 0.8394 0.6437 0.7004 0.2606 0.0903 0.0911 0.1214 0.8692 0.6674 0.3321 0.2903 0.4202 0.2258 0.3837 0.1099 0.9362 0.5915 0.3750 0.3383 0.9905 0.2401 0.7302 0.6307 0.4972 0.4882 0.4653 0.8374 0.8574 0.5370 0.3827 0.2090 0.7522 0.1251 0.9266 0.8145 0.0423 0.4547 0.3310 0.9169 0.2284 0.5949
48 48
18.3565
0.7250 0.8800 0.2344 0.4534 0.7896 0.8873 0.1728 0.4777 0.2408 0.8403 0.1424 0.5638 0.3847 0.1218 0.2932 0.5089 0.8097 0.8047 0.8318 0.5427 0.6782 0.5582 0.5646 0.5381 0.4434 0.9385 0.2298 0.6426 0.5543 0.3425 0.4904 0.8458 0.7381 0.7905 0.6424 0.7032 0.9225 0.2606 0.3950 0.6237 0.7929 0.0417 0.6257 0.7488 0.3022 0.2335 0.3608 0.9659
49 49
2.2603
0.7001 0.5509 0.8491 0.0706 0.7694 0.0852 0.6125 0.7809 0.7213 0.2869 0.7932 0.9229 0.5347 0.0739 0.6857 0.8691 0.5095 0.3106 0.2368 0.6942 0.5154 0.4379 0.4581 0.8354 0.3850 0.2831 0.3545 0.7064 0.6047 0.8378 0.4856 0.5165 0.7961 0.2235 0.1329 0.5352 0.4795 0.5337 0.1762 0.7481 0.1679 0.4606 0.7444 0.1160 0.8561 0.2062 0.2017 0.4266 0.6873
49 49
18.1992
0.9157 0.9856 0.2473 0.4902 0.7054 0.4194 0.6529 0.9554 0.1840 0.3213 0.9236 0.3766 0.1373 0.1920 0.9909 0.0766 0.2363 0.0022 0.4302 0.3094 0.5867 0.1093 0.4787 0.3808 0.3766 0.3267 0.0992 0.8876 0.1292 0.9603 0.5969 0.1177 0.3168 0.4642 0.0169 0.5239 0.8048 0.5068 0.7484 0.1778 0.9788 0.3713 0.4155 0.5146 0.8921 0.9826 0.3967 0.0227 0.2531
46 46
18.3436
0.1210 0.3756 0.2165 0.6533 0.4141 0.9028 0.6413 0.1005 0.6561 0.4707 0.9368 0.0376 0.4810 0.2319 0.8847 0.8394 0.9898 0.3300 0.7042 0.9251 0.5063 0.5738 0.1372 0.9070 0.3426 0.6909 0.4396 0.1657 0.2166 0.2554 0.3445 0.9325 0.4647 0.1249 0.7764 0.3610 0.7157 0.2537 0.4591 0.7506 0.8971 0.2216 0.3537 0.1272 0.7966 0.5550
2 2
0.0000
1.0000 1.0000
