100
4 4
1.4000
0.5000 0.7000 0.8000 0.6000
2 2
1.0000
0.0000 0.0000
2 1
0.0000
0.9000 0.8000
2 1
0.1000
0.4000 0.5000
49 32
0.0154
0.7284 0.6300 0.1842 0.6646 0.1494 0.2170 0.0514 0.9728 0.3304 0.3051 0.8222 0.2546 0.5694 0.5573 0.3556 0.1583 0.1093 0.7755 0.7682 0.4594 0.6939 0.7453 0.3575 0.1765 0.5616 0.4440 0.1045 0.8477 0.7436 0.8170 0.5893 0.0310 0.5241 0.7744 0.6325 0.0074 0.0796 0.5119 0.9742 0.4888 0.1741 0.4832 0.5855 0.9408 0.3589 0.7920 0.3755 0.0971 0.7285
50 50
0.0050
0.9999 0.9999 0.9999 0.9999 0.9999 0.9999 0.9999 0.9999 0.9999 0.9999 0.9999 0.9999 0.9999 0.9999 0.9999 0.9999 0.9999 0.9999 0.9999 0.9999 0.9999 0.9999 0.9999 0.9999 0.9999 0.9999 0.9999 0.9999 0.9999 0.9999 0.9999 0.9999 0.9999 0.9999 0.9999 0.9999 0.9999 0.9999 0.9999 0.9999 0.9999 0.9999 0.9999 0.9999 0.9999 0.9999 0.9999 0.9999 0.9999 0.9999
50 16
0.0003
0.3069 0.4900 0.8335 0.0908 0.8827 0.1135 0.7202 0.2220 0.3349 0.7400 0.1016 0.5722 0.7983 0.5367 0.8115 0.1308 0.1244 0.4153 0.9320 0.3215 0.6698 0.3593 0.3839 0.6588 0.2238 0.7363 0.4803 0.2531 0.4810 0.3566 0.5834 0.1182 0.6548 0.3559 0.2888 0.6642 0.9077 0.0200 0.7008 0.8513 0.6628 0.0852 0.7590 0.4681 0.5939 0.8271 0.6301 0.1021 0.3700 0.9000
2 1
0.0000
1.0000 1.0000
50 25
0.0000
0.0000 0.0000 0.0000 0.0000 0.0000 0.0000 0.0000 0.0000 0.0000 0.0000 0.0000 0.0000 0.0000 0.0000 0.0000 0.0000 0.0000 0.0000 0.0000 0.0000 0.0000 0.0000 0.0000 0.0000 0.0000 0.0000 0.0000 0.0000 0.0000 0.0000 0.0000 0.0000 0.0000 0.0000 0.0000 0.0000 0.0000 0.0000 0.0000 0.0000 0.0000 0.0000 0.0000 0.0000 0.0000 0.0000 0.0000 0.0000 0.0000 0.0000
45 8
0.0064
0.4500 0.9890 0.4389 0.4180 0.2438 0.2362 0.7946 0.3566 0.8221 0.7573 0.3705 0.5518 0.6178 0.2523 0.3885 0.0300 0.2298 0.9836 0.5766 0.9377 0.1598 0.8721 0.7056 0.1383 0.4043 0.6974 0.0456 0.8447 0.7312 0.2405 0.6566 0.8683 0.7127 0.6151 0.5514 0.5910 0.5014 0.8960 0.0885 0.6006 0.7204 0.0139 0.7745 0.3467 0.4770
50 33
0.0172
0.8727 0.5301 0.2134 0.4896 0.3768 0.1198 0.5966 0.2392 0.6926 0.5313 0.3854 0.9128 0.2356 0.0837 0.1204 0.4823 0.8698 0.9756 0.2369 0.8270 0.1137 0.5916 0.2897 0.5012 0.0808 0.6508 0.1781 0.9057 0.5308 0.9407 0.3715 0.8457 0.7133 0.4103 0.2079 0.6812 0.4160 0.7703 0.8563 0.0222 0.6832 0.2162 0.0432 0.7038 0.2944 0.1820 0.7335 0.5208 0.6076 0.2375
48 40
11.2114
0.2039 0.4246 0.3854 0.9231 0.4751 0.5537 0.4025 0.3477 0.0488 0.2787 0.0225 0.7569 0.4807 0.8355 0.6847 0.2756 0.5483 0.7461 0.4614 0.4248 0.0675 0.5499 0.5684 0.6768 0.3280 0.1237 0.9805 0.5181 0.5122 0.2521 0.7046 0.9366 0.7785 0.6853 0.2299 0.7736 0.4298 0.7815 0.2257 0.1163 0.7764 0.4311 0.7969 0.7925 0.5090 0.4764 0.8170 0.7520
50 1
0.0000
1.0000 1.0000 1.0000 1.0000 1.0000 1.0000 1.0000 1.0000 1.0000 1.0000 1.0000 1.0000 1.0000 1.0000 1.0000 1.0000 1.0000 1.0000 1.0000 1.0000 1.0000 1.0000 1.0000 1.0000 1.0000 1.0000 1.0000 1.0000 1.0000 1.0000 1.0000 1.0000 1.0000 1.0000 1.0000 1.0000 1.0000 1.0000 1.0000 1.0000 1.0000 1.0000 1.0000 1.0000 1.0000 1.0000 1.0000 1.0000 1.0000 1.0000
45 40
17.9943
0.3426 0.2334 0.9961 0.1248 0.6323 0.4996 0.4869 0.3552 0.2641 0.3681 0.1870 0.3499 0.3955 0.1202 0.3260 0.7471 0.4758 0.4050 0.1844 0.2293 0.3826 0.1956 0.6758 0.8909 0.1621 0.4357 0.8085 0.5603 0.7924 0.6470 0.0744 0.5104 0.1243 0.8549 0.0290 0.7087 0.5074 0.7567 0.8963 0.4245 0.6948 0.6158 0.8055 0.4062 0.6389
45 43
0.0006
0.3845 0.6051 0.8596 0.0212 0.9238 0.0218 0.3380 0.4114 0.2752 0.7920 0.7998 0.5313 0.5568 0.9290 0.1310 0.0006 0.0357 0.5260 0.0363 0.5366 0.4650 0.7556 0.4728 0.9690 0.0749 0.5845 0.4695 0.9812 0.1621 0.1372 0.5505 0.9589 0.3571 0.7929 0.3807 0.2809 0.3403 0.1302 0.7641 0.3621 0.8391 0.2423 0.1834 0.9511 0.2548
46 36
0.0128
0.7725 0.1684 0.4009 0.5240 0.9873 0.9628 0.9509 0.0588 0.2791 0.7243 0.3831 0.0942 0.2685 0.9136 0.9865 0.9254 0.4408 0.1763 0.4623 0.9051 0.3314 0.1027 0.9194 0.8945 0.7287 0.5368 0.7862 0.2897 0.4880 0.2455 0.0233 0.6267 0.1906 0.2864 0.2152 0.2958 0.6030 0.2682 0.9037 0.1230 0.6547 0.8894 0.3617 0.7904 0.2281 0.0533
50 25
50.0000
0.0000 0.0000 0.0000 0.0000 0.0000 0.0000 0.0000 0.0000 0.0000 0.0000 0.0000 0.0000 0.0000 0.0000 0.0000 0.0000 0.0000 0.0000 0.0000 0.0000 0.0000 0.0000 0.0000 0.0000 0.0000 0.0000 0.0000 0.0000 0.0000 0.0000 0.0000 0.0000 0.0000 0.0000 0.0000 0.0000 0.0000 0.0000 0.0000 0.0000 0.0000 0.0000 0.0000 0.0000 0.0000 0.0000 0.0000 0.0000 0.0000 0.0000
45 23
0.0036
0.9759 0.7217 0.3972 0.5056 0.1497 0.8525 0.2230 0.6790 0.9401 0.0386 0.0346 0.5233 0.9084 0.8966 0.8526 0.7888 0.2552 0.2440 0.2488 0.4954 0.8231 0.4369 0.2724 0.5875 0.1390 0.9741 0.8070 0.5141 0.4402 0.7361 0.2554 0.5537 0.0298 0.0435 0.1841 0.6190 0.2601 0.2426 0.4600 0.8740 0.6262 0.8577 0.6525 0.6128 0.6588
2 1
1.0000
0.0000 0.0000
50 49
15.2351
0.6400 0.5771 0.6635 0.9454 0.0733 0.3633 0.7676 0.9470 0.4421 0.5512 0.9973 0.8802 0.4837 0.1705 0.2273 0.3381 0.3163 0.4191 0.7559 0.2291 0.1917 0.4115 0.0047 0.1457 0.7466 0.6572 0.3665 0.5454 0.7796 0.6501 0.4793 0.6981 0.8953 0.4313 0.2340 0.8343 0.7884 0.2954 0.6764 0.6512 0.3894 0.6512 0.0185 0.7787 0.5975 0.3883 0.1120 0.7132 0.1148 0.2828
50 1
33.3350
0.3333 0.3333 0.3333 0.3333 0.3333 0.3333 0.3333 0.3333 0.3333 0.3333 0.3333 0.3333 0.3333 0.3333 0.3333 0.3333 0.3333 0.3333 0.3333 0.3333 0.3333 0.3333 0.3333 0.3333 0.3333 0.3333 0.3333 0.3333 0.3333 0.3333 0.3333 0.3333 0.3333 0.3333 0.3333 0.3333 0.3333 0.3333 0.3333 0.3333 0.3333 0.3333 0.3333 0.3333 0.3333 0.3333 0.3333 0.3333 0.3333 0.3333
50 33
0.0211
0.7772 0.5930 0.3896 0.1937 0.4083 0.6455 0.3097 0.2135 0.1879 0.9287 0.3497 0.2220 0.0741 0.8590 0.1031 0.7264 0.5291 0.4604 0.8720 0.0247 0.1725 0.1185 0.7965 0.9461 0.5592 0.1468 0.4049 0.9675 0.7674 0.9819 0.1942 0.2545 0.9865 0.5299 0.2449 0.3677 0.5613 0.6418 0.8355 0.6123 0.3035 0.9784 0.8066 0.9470 0.3857 0.7748 0.3679 0.4657 0.0273 0.7128
1 1
0.0000
1.0000
50 30
0.0006
0.3980 0.7826 0.6416 0.8391 0.2789 0.0718 0.8098 0.2086 0.7400 0.0591 0.6441 0.9709 0.0219 0.0909 0.8569 0.8237 0.1320 0.9535 0.8367 0.1548 0.7107 0.5029 0.6373 0.1698 0.9141 0.0411 0.3653 0.2965 0.1410 0.4113 0.9227 0.1394 0.9355 0.8740 0.5374 0.9098 0.6519 0.5334 0.0603 0.2755 0.8043 0.8118 0.1195 0.5076 0.2412 0.7942 0.8582 0.7761 0.8103 0.1440
47 24
0.2956
0.0341 0.1240 0.0795 0.0895 0.9571 0.5599 0.7383 0.0068 0.8058 0.7123 0.6140 0.9314 0.8687 0.9068 0.4563 0.3756 0.6657 0.3764 0.3754 0.9206 0.9484 0.1545 0.5376 0.8061 0.1984 0.6074 0.5529 0.2189 0.6813 0.8405 0.9580 0.7186 0.0433 0.0494 0.2531 0.2725 0.3806 0.4072 0.3788 0.9569 0.6528 0.9422 0.3729 0.6691 0.3780 0.9909 0.5745
46 19
0.0207
0.7121 0.2674 0.4669 0.2397 0.0279 0.8633 0.0722 0.2808 0.3729 0.9881 0.9731 0.3872 0.2058 0.7628 0.1182 0.7397 0.0635 0.6298 0.1833 0.8372 0.5649 0.7385 0.5489 0.9185 0.4037 0.3655 0.5766 0.5147 0.0308 0.4667 0.9223 0.6443 0.9199 0.0435 0.5313 0.2215 0.8383 0.7213 0.1757 0.9077 0.3259 0.6930 0.0195 0.4977 0.5574 0.7018
50 49
0.0000
0.9999 0.9999 0.9999 0.9999 0.9999 0.9999 0.9999 0.9999 0.9999 0.9999 0.9999 0.9999 0.9999 0.9999 0.9999 0.9999 0.9999 0.9999 0.9999 0.9999 0.9999 0.9999 0.9999 0.9999 0.9999 0.9999 0.9999 0.9999 0.9999 0.9999 0.9999 0.9999 0.9999 0.9999 0.9999 0.9999 0.9999 0.9999 0.9999 0.9999 0.9999 0.9999 0.9999 0.9999 0.9999 0.9999 0.9999 0.9999 0.9999 0.9999
2 1
0.3333
0.0000 0.0000
47 42
17.3517
0.7765 0.0222 0.7981 0.5880 0.8954 0.2839 0.1507 0.8723 0.6229 0.5375 0.5857 0.7538 0.7733 0.2076 0.4040 0.0024 0.4627 0.6502 0.8934 0.0569 0.8813 0.7317 0.6847 0.1077 0.3493 0.0713 0.5416 0.6944 0.7923 0.0339 0.3154 0.6790 0.6519 0.3578 0.8343 0.0220 0.3546 0.0420 0.2234 0.3365 0.7720 0.4940 0.6729 0.5177 0.5395 0.8379 0.7465
48 16
0.0109
0.9462 0.3892 0.5185 0.5140 0.5594 0.4697 0.1453 0.8136 0.2627 0.8771 0.1790 0.5529 0.8849 0.1665 0.2963 0.1274 0.0113 0.3388 0.3058 0.9727 0.3999 0.4617 0.3487 0.7007 0.2659 0.0749 0.0120 0.9641 0.7622 0.5371 0.4294 0.1793 0.4205 0.2658 0.9058 0.3456 0.3655 0.6185 0.9978 0.4395 0.4730 0.0156 0.0826 0.4198 0.6348 0.7792 0.5971 0.1545
50 25
1.0000
0.0000 0.0000 0.0000 0.0000 0.0000 0.0000 0.0000 0.0000 0.0000 0.0000 0.0000 0.0000 0.0000 0.0000 0.0000 0.0000 0.0000 0.0000 0.0000 0.0000 0.0000 0.0000 0.0000 0.0000 0.0000 0.0000 0.0000 0.0000 0.0000 0.0000 0.0000 0.0000 0.0000 0.0000 0.0000 0.0000 0.0000 0.0000 0.0000 0.0000 0.0000 0.0000 0.0000 0.0000 0.0000 0.0000 0.0000 0.0000 0.0000 0.0000
4 4
1.3999
0.6000 0.7000 0.5000 0.8000
49 25
0.0103
0.7486 0.2758 0.8958 0.1128 0.2154 0.5620 0.7510 0.8282 0.8288 0.4673 0.4250 0.1186 0.4125 0.1220 0.6571 0.8928 0.8958 0.7786 0.0099 0.6629 0.0607 0.9026 0.8929 0.8926 0.6610 0.9994 0.7382 0.7010 0.2119 0.8914 0.2529 0.9906 0.9499 0.3992 0.5679 0.0083 0.5537 0.6138 0.5137 0.8425 0.4452 0.6349 0.0363 0.2838 0.2919 0.5891 0.7896 0.6915 0.2294
45 35
0.0080
0.8360 0.8665 0.7914 0.2214 0.4161 0.7798 0.4257 0.4070 0.0144 0.2922 0.3400 0.0968 0.5484 0.9123 0.6325 0.5852 0.4815 0.4810 0.0643 0.3211 0.5932 0.8041 0.5632 0.3935 0.6531 0.6053 0.0867 0.8864 0.8390 0.4808 0.6899 0.0859 0.6905 0.4664 0.6492 0.7141 0.1927 0.1170 0.3601 0.2658 0.9328 0.8842 0.8142 0.0972 0.3560
45 24
7.0356
0.7913 0.5468 0.6552 0.5696 0.3737 0.2189 0.7461 0.7459 0.4322 0.1756 0.4341 0.7632 0.1796 0.8441 0.4242 0.5998 0.2276 0.0211 0.2019 0.5186 0.1898 0.9412 0.8343 0.6267 0.5063 0.4288 0.3250 0.5755 0.6308 0.5641 0.9961 0.1568 0.8724 0.4292 0.8386 0.1194 0.4865 0.4921 0.3900 0.3304 0.9737 0.6712 0.1143 0.3141 0.4432
1 1
1.0000
0.0000
46 3
7.9180
0.0686 0.3291 0.8492 0.4538 0.8841 0.3486 0.1495 0.1937 0.7600 0.2340 0.9260 0.8177 0.8133 0.6546 0.6555 0.8345 0.0535 0.6256 0.7530 0.7655 0.4483 0.1323 0.5282 0.1260 0.7279 0.4286 0.0032 0.1301 0.5707 0.6897 0.3707 0.5395 0.8538 0.3737 0.4168 0.0180 0.1795 0.4141 0.0030 0.9588 0.0910 0.9270 0.6542 0.2519 0.3278 0.7439
46 39
6.0387
0.3570 0.6027 0.7748 0.7423 0.5364 0.8650 0.5777 0.5136 0.9515 0.4308 0.4917 0.0203 0.4196 0.4078 0.5966 0.2291 0.9975 0.0454 0.9743 0.4985 0.2501 0.9146 0.8818 0.3450 0.2957 0.8374 0.0951 0.7392 0.8233 0.0045 0.7490 0.0949 0.2080 0.5742 0.9687 0.8655 0.6546 0.7052 0.8446 0.4554 0.7455 0.3183 0.3096 0.6950 0.1861 0.8995
49 42
0.0095
0.8384 0.1222 0.5793 0.3128 0.1018 0.4658 0.6952 0.8361 0.6809 0.6549 0.2638 0.7899 0.6272 0.5320 0.6962 0.8794 0.3421 0.7970 0.4332 0.4722 0.1132 0.3452 0.4647 0.9985 0.7672 0.9128 0.7065 0.1481 0.8906 0.1756 0.5446 0.4220 0.0891 0.4839 0.3198 0.6604 0.7891 0.2864 0.3268 0.9652 0.0307 0.5300 0.3244 0.9599 0.6720 0.7080 0.7477 0.8666 0.9048
45 6
5.0468
0.9534 0.3022 0.5501 0.9488 0.0995 0.4125 0.2243 0.3258 0.6799 0.7772 0.0066 0.3736 0.0178 0.3805 0.1077 0.0638 0.0233 0.7711 0.5395 0.7830 0.2295 0.3568 0.9612 0.9872 0.5823 0.4922 0.1449 0.3645 0.7193 0.1829 0.2309 0.4372 0.2808 0.0194 0.1683 0.8039 0.6959 0.0641 0.3934 0.2408 0.8280 0.0443 0.4987 0.4856 0.4290
45 40
0.0152
0.6129 0.5169 0.4053 0.8401 0.9435 0.1922 0.7870 0.8372 0.1755 0.4159 0.5947 0.8319 0.0861 0.4704 0.5784 0.9470 0.7030 0.9778 0.0671 0.7773 0.1549 0.2215 0.0393 0.3464 0.2989 0.9262 0.1523 0.8731 0.4197 0.6842 0.0521 0.2818 0.9173 0.2443 0.3054 0.4682 0.3804 0.2405 0.6661 0.9687 0.6443 0.0305 0.3314 0.4580 0.8096
50 32
0.0036
0.4409 0.5841 0.4133 0.5624 0.8941 0.1672 0.5920 0.9685 0.1102 0.9858 0.1126 0.9555 1.0000 0.8636 0.6912 0.6637 0.4812 0.1814 0.9582 0.3112 0.6846 0.1851 0.1530 0.7955 0.7839 0.8491 0.8513 0.5359 0.5614 0.6778 0.2303 0.1432 0.7857 0.2061 0.1853 0.8214 0.3305 0.8660 0.0649 0.9626 0.4770 0.4764 0.7111 0.6923 0.9942 0.6779 0.0066 0.6046 0.7074 0.0809
50 25
0.0000
1.0000 1.0000 1.0000 1.0000 1.0000 1.0000 1.0000 1.0000 1.0000 1.0000 1.0000 1.0000 1.0000 1.0000 1.0000 1.0000 1.0000 1.0000 1.0000 1.0000 1.0000 1.0000 1.0000 1.0000 1.0000 1.0000 1.0000 1.0000 1.0000 1.0000 1.0000 1.0000 1.0000 1.0000 1.0000 1.0000 1.0000 1.0000 1.0000 1.0000 1.0000 1.0000 1.0000 1.0000 1.0000 1.0000 1.0000 1.0000 1.0000 1.0000
47 36
0.0071
0.1631 0.2081 0.1492 0.7811 0.6316 0.4767 0.5144 0.5822 0.7656 0.4627 0.9998 0.5966 0.3839 0.1431 0.2612 0.3274 0.9711 0.6367 0.1420 0.0947 0.4399 0.8222 0.9504 0.1133 0.1398 0.6154 0.2705 0.6714 0.9252 0.5731 0.9609 0.6768 0.2769 0.1811 0.6236 0.5234 0.9427 0.8405 0.8533 0.3069 0.6638 0.5880 0.3347 0.3026 0.9306 0.0736 0.8855
47 23
0.0062
0.2944 0.5336 0.1749 0.5392 0.1012 0.9316 0.4393 0.1101 0.3560 0.8224 0.2403 0.0232 0.5452 0.7222 0.2123 0.3481 0.1791 0.2944 0.3306 0.9206 0.1841 0.7240 0.7254 0.3523 0.0217 0.4523 0.7320 0.3675 0.0582 0.6504 0.2299 0.1149 0.1223 0.2525 0.3320 0.4481 0.5411 0.9046 0.3880 0.6023 0.8806 0.3964 0.0595 0.2401 0.0749 0.3653 0.3619
47 20
0.0173
0.1703 0.7503 0.9626 0.5710 0.1732 0.6717 0.2871 0.2699 0.2328 0.1498 0.6325 0.5612 0.3596 0.1769 0.5388 0.2078 0.7448 0.0313 0.4206 0.0098 0.8651 0.2359 0.8206 0.4238 0.6689 0.1189 0.8263 0.3263 0.4135 0.8658 0.3075 0.6011 0.3366 0.4725 0.5771 0.1740 0.2229 0.4008 0.5507 0.9050 0.4254 0.5786 0.1550 0.8128 0.5242 0.2501 0.1871
50 50
0.0000
1.0000 1.0000 1.0000 1.0000 1.0000 1.0000 1.0000 1.0000 1.0000 1.0000 1.0000 1.0000 1.0000 1.0000 1.0000 1.0000 1.0000 1.0000 1.0000 1.0000 1.0000 1.0000 1.0000 1.0000 1.0000 1.0000 1.0000 1.0000 1.0000 1.0000 1.0000 1.0000 1.0000 1.0000 1.0000 1.0000 1.0000 1.0000 1.0000 1.0000 1.0000 1.0000 1.0000 1.0000 1.0000 1.0000 1.0000 1.0000 1.0000 1.0000
46 28
0.0077
0.3852 0.4553 0.4547 0.2626 0.0664 0.4326 0.0176 0.5060 0.2788 0.4408 0.4454 0.4285 0.0820 0.6563 0.6424 0.4759 0.5708 0.0459 0.7527 0.6990 0.9941 0.2578 0.4052 0.8338 0.9851 0.1764 0.0048 0.5872 0.4304 0.2340 0.3322 0.3168 0.8009 0.1494 0.9101 0.0274 0.1503 0.8881 0.4341 0.7001 0.3265 0.8124 0.3634 0.1469 0.5637 0.2858
47 16
1.2221
0.1690 0.9076 0.9456 0.3544 0.2396 0.8078 0.9805 0.1267 0.7036 0.9123 0.6797 0.2755 0.0918 0.3275 0.1397 0.7290 0.3739 0.6343 0.9222 0.6238 0.6042 0.8707 0.5403 0.1862 0.5156 0.6596 0.7444 0.9204 0.7034 0.1059 0.7854 0.6154 0.7786 0.0885 0.8166 0.7959 0.8609 0.7896 0.0308 0.4535 0.1679 0.1369 0.0303 0.6674 0.5117 0.4576 0.0120
47 25
0.0007
0.6624 0.4735 0.5290 0.2494 0.9501 0.7609 0.0695 0.3731 0.5004 0.9271 0.7629 0.4185 0.0907 0.3485 0.1519 0.6284 0.1436 0.8542 0.9306 0.8019 0.9182 0.4598 0.4080 0.9949 0.2452 0.2046 0.3901 0.4388 0.4025 0.2551 0.5466 0.8170 0.3475 0.4397 0.4013 0.9544 0.5911 0.7007 0.9121 0.4921 0.4611 0.6717 0.6776 0.2753 0.3182 0.4216 0.2089
47 20
0.0170
0.5962 0.8535 0.9873 0.6542 0.0592 0.4706 0.4881 0.8055 0.8551 0.4978 0.5890 0.7719 0.3976 0.2658 0.0243 0.5299 0.0572 0.9529 0.6312 0.4944 0.1943 0.8447 0.7247 0.1272 0.3582 0.4039 0.8539 0.5181 0.5793 0.2307 0.8756 0.6557 0.7855 0.2548 0.9622 0.6218 0.1689 0.1225 0.6601 0.3461 0.6365 0.1771 0.7486 0.0588 0.5695 0.0173 0.2940
49 34
4.9759
0.2174 0.6512 0.0365 0.6334 0.4746 0.6348 0.5966 0.9673 0.3826 0.0423 0.1422 0.0637 0.7956 0.0053 0.1431 0.5457 0.4456 0.2257 0.5193 0.3303 0.7317 0.0581 0.9430 0.4932 0.5477 0.4018 0.7901 0.7430 0.5699 0.5656 0.1603 0.7702 0.1493 0.4325 0.7296 0.1284 0.1737 0.2903 0.6579 0.7079 0.7716 0.1273 0.9960 0.0011 0.5310 0.5448 0.5887 0.8438 0.6600
50 36
0.0130
0.5392 0.5774 0.4626 0.0317 0.0812 0.3417 0.0723 0.7737 0.4534 0.3913 0.4770 0.8261 0.4080 0.2374 0.9980 0.0455 0.5477 0.8922 0.5245 0.3199 0.1708 0.4808 0.5826 0.5961 0.6926 0.8550 0.6766 0.6392 0.9638 0.2162 0.2888 0.4554 0.3277 0.4547 0.1520 0.7102 0.3138 0.6357 0.9799 0.2578 0.6565 0.7240 0.0342 0.6471 0.0453 0.0712 0.4631 0.9396 0.4334 0.4877
45 29
0.0136
0.4293 0.0309 0.0785 0.6328 0.4225 0.8059 0.1633 0.1345 0.2993 0.5104 0.2411 0.9172 0.8475 0.8375 0.3471 0.2161 0.1580 0.0819 0.3642 0.3778 0.1386 0.5490 0.8830 0.2274 0.5055 0.4575 0.7731 0.0100 0.5166 0.5447 0.9130 0.8692 0.1891 0.5987 0.4733 0.7599 0.6718 0.3778 0.7694 0.3881 0.0402 0.2907 0.7094 0.3285 0.3781
50 50
33.3350
0.3333 0.3333 0.3333 0.3333 0.3333 0.3333 0.3333 0.3333 0.3333 0.3333 0.3333 0.3333 0.3333 0.3333 0.3333 0.3333 0.3333 0.3333 0.3333 0.3333 0.3333 0.3333 0.3333 0.3333 0.3333 0.3333 0.3333 0.3333 0.3333 0.3333 0.3333 0.3333 0.3333 0.3333 0.3333 0.3333 0.3333 0.3333 0.3333 0.3333 0.3333 0.3333 0.3333 0.3333 0.3333 0.3333 0.3333 0.3333 0.3333 0.3333
50 37
15.8822
0.2377 0.0382 0.5743 0.0004 0.4924 0.8323 0.9913 0.3967 0.0703 0.4499 0.1191 0.2333 0.7574 0.6125 0.3881 0.9043 0.4751 0.2220 0.3481 0.3485 0.8163 0.8892 0.3568 0.3947 0.6754 0.8063 0.9323 0.2626 0.2477 0.0924 0.2267 0.1730 0.2867 0.6475 0.4447 0.5048 0.7153 0.1153 0.3381 0.0635 0.7584 0.7520 0.1138 0.6160 0.3020 0.6248 0.7119 0.7525 0.5098 0.9398
49 17
0.0063
0.7267 0.3670 0.1987 0.5771 0.4968 0.9273 0.1117 0.2473 0.2426 0.4630 0.1989 0.7122 0.2214 0.2573 0.5025 0.6135 0.5273 0.4092 0.8424 0.7939 0.5156 0.7281 0.8287 0.8350 0.5017 0.5822 0.5042 0.6271 0.3473 0.2132 0.6381 0.1225 0.7430 0.1300 0.7466 0.6070 0.3189 0.4104 0.4643 0.9926 0.3734 0.9255 0.2079 0.8270 0.6805 0.4805 0.1220 0.8581 0.1269
45 25
3.5904
0.7976 0.8075 0.2414 0.6697 0.3028 0.1272 0.3308 0.4581 0.1018 0.8465 0.3252 0.3233 0.3085 0.7122 0.9563 0.2361 0.7398 0.4520 0.6942 0.4031 0.2692 0.4654 0.3892 0.7715 0.5776 0.7248 0.4465 0.8945 0.1036 0.4568 0.5127 0.4972 0.1847 0.8268 0.3448 0.1720 0.4244 0.4820 0.3880 0.5679 0.1824 0.5221 0.9111 0.3655 0.3324
4 4
0.0001
0.0000 0.0000 0.0000 0.0000
1 1
0.3333
0.0000
50 25
0.0000
0.3333 0.3333 0.3333 0.3333 0.3333 0.3333 0.3333 0.3333 0.3333 0.3333 0.3333 0.3333 0.3333 0.3333 0.3333 0.3333 0.3333 0.3333 0.3333 0.3333 0.3333 0.3333 0.3333 0.3333 0.3333 0.3333 0.3333 0.3333 0.3333 0.3333 0.3333 0.3333 0.3333 0.3333 0.3333 0.3333 0.3333 0.3333 0.3333 0.3333 0.3333 0.3333 0.3333 0.3333 0.3333 0.3333 0.3333 0.3333 0.3333 0.3333
50 25
33.3350
0.3333 0.3333 0.3333 0.3333 0.3333 0.3333 0.3333 0.3333 0.3333 0.3333 0.3333 0.3333 0.3333 0.3333 0.3333 0.3333 0.3333 0.3333 0.3333 0.3333 0.3333 0.3333 0.3333 0.3333 0.3333 0.3333 0.3333 0.3333 0.3333 0.3333 0.3333 0.3333 0.3333 0.3333 0.3333 0.3333 0.3333 0.3333 0.3333 0.3333 0.3333 0.3333 0.3333 0.3333 0.3333 0.3333 0.3333 0.3333 0.3333 0.3333
49 46
13.0697
0.6184 0.8305 0.4504 0.7381 0.7795 0.9039 0.6953 0.5565 0.0974 0.8512 0.7641 0.6260 0.1723 0.3016 0.9745 0.3531 0.4131 0.9152 0.5691 0.0273 0.7582 0.6776 0.6130 0.2385 0.3497 0.2964 0.1702 0.2080 0.5869 0.0380 0.6880 0.5691 0.2048 0.7469 0.4082 0.8083 0.7955 0.5133 0.0266 0.8693 0.7967 0.4986 0.7907 0.2621 0.2543 0.8805 0.3299 0.4469 0.4429
48 41
0.0052
0.7781 0.0299 0.9260 0.5642 0.7674 0.2665 0.9916 0.7348 0.4158 0.7031 0.5022 0.9202 0.8335 0.2326 0.4535 0.1641 0.3460 0.5140 0.3029 0.5598 0.7340 0.9801 0.5787 0.7216 0.2164 0.1940 0.1690 0.8399 0.6800 0.7194 0.6757 0.2129 0.9886 0.2111 0.9607 0.7952 0.5080 0.6871 0.5171 0.5527 0.7625 0.7056 0.2812 0.8606 0.7727 0.8426 0.4453 0.3109
45 25
0.0193
0.4924 0.7263 0.1780 0.3001 0.2717 0.7422 0.9428 0.9957 0.4147 0.8435 0.6438 0.6446 0.1433 0.7819 0.1004 0.0662 0.5461 0.8472 0.7617 0.4865 0.6999 0.3881 0.1548 0.5351 0.5546 0.5685 0.5687 0.7450 0.7290 0.6685 0.2826 0.7962 0.5317 0.4779 0.3040 0.4156 0.1206 0.4978 0.9538 0.6187 0.8696 0.2711 0.8478 0.0144 0.3669
47 45
15.4949
0.7803 0.9419 0.2620 0.1875 0.5767 0.8021 0.0772 0.6855 0.1603 0.9999 0.8517 0.9931 0.2473 0.8105 0.3182 0.2571 0.9906 0.1842 0.1936 0.5855 0.8506 0.1032 0.7340 0.3877 0.6651 0.7825 0.1668 0.1310 0.5044 0.9458 0.7290 0.8473 0.8261 0.2745 0.1405 0.0085 0.4108 0.1187 0.6358 0.8882 0.6887 0.7350 0.0747 0.9783 0.0786 0.0376 0.7921
50 25
0.6901
0.7951 0.3724 0.5160 0.8733 0.6915 0.2108 0.0539 0.3303 0.2187 0.5154 0.0932 0.8928 0.3512 0.7287 0.6598 0.3483 0.7742 0.2443 0.1224 0.6986 0.9641 0.7255 0.8764 0.6759 0.7744 0.8091 0.0770 0.6196 0.7417 0.5109 0.1761 0.8265 0.0863 0.3158 0.0507 0.0857 0.2683 0.2665 0.1090 0.1842 0.2791 0.3337 0.5983 0.9438 0.1546 0.9318 0.8871 0.2215 0.7205 0.9926
50 49
0.0050
0.9999 0.9999 0.9999 0.9999 0.9999 0.9999 0.9999 0.9999 0.9999 0.9999 0.9999 0.9999 0.9999 0.9999 0.9999 0.9999 0.9999 0.9999 0.9999 0.9999 0.9999 0.9999 0.9999 0.9999 0.9999 0.9999 0.9999 0.9999 0.9999 0.9999 0.9999 0.9999 0.9999 0.9999 0.9999 0.9999 0.9999 0.9999 0.9999 0.9999 0.9999 0.9999 0.9999 0.9999 0.9999 0.9999 0.9999 0.9999 0.9999 0.9999
50 50
0.0000
0.8765 0.8765 0.8765 0.8765 0.8765 0.8765 0.8765 0.8765 0.8765 0.8765 0.8765 0.8765 0.8765 0.8765 0.8765 0.8765 0.8765 0.8765 0.8765 0.8765 0.8765 0.8765 0.8765 0.8765 0.8765 0.8765 0.8765 0.8765 0.8765 0.8765 0.8765 0.8765 0.8765 0.8765 0.8765 0.8765 0.8765 0.8765 0.8765 0.8765 0.8765 0.8765 0.8765 0.8765 0.8765 0.8765 0.8765 0.8765 0.8765 0.8765
48 19
0.0062
0.6670 0.5059 0.1410 0.1989 0.6954 0.6465 0.1254 0.7753 0.6350 0.8750 0.6667 0.9634 0.9020 0.3710 0.9093 0.9591 0.9284 0.4178 0.6476 0.0968 0.8717 0.7714 0.1659 0.2421 0.1720 0.5321 0.9284 0.9503 0.4342 0.9285 0.3599 0.0889 0.4561 0.5524 0.7922 0.4422 0.7264 0.6674 0.1685 0.8136 0.1341 0.2567 0.4591 0.0491 0.9775 0.8852 0.4487 0.8990
47 11
0.0020
0.7157 0.7838 0.0483 0.7252 0.4006 0.0705 0.4563 0.0181 0.0302 0.0188 0.5916 0.0491 0.8761 0.0871 0.0529 0.2614 0.8593 0.7380 0.9356 0.5462 0.7682 0.1052 0.2350 0.0166 0.7412 0.4244 0.9439 0.7697 0.3657 0.6009 0.0736 0.5658 0.8166 0.9614 0.3306 0.6996 0.3719 0.7430 0.0806 0.9686 0.2347 0.0942 0.6404 0.7491 0.7785 0.1079 0.5669
49 40
0.0001
0.3618 0.6156 0.1030 0.5904 0.5398 0.4313 0.6985 0.6162 0.1930 0.8926 0.2267 0.3128 0.1736 0.9484 0.2498 0.8496 0.8281 0.6659 0.3055 0.2736 0.3377 0.9627 0.4158 0.3426 0.8856 0.6251 0.7338 0.8439 0.3637 0.1933 0.1940 0.1642 0.7706 0.8932 0.0485 0.1904 0.1316 0.8202 0.5874 0.4651 0.7421 0.1210 0.6004 0.1282 0.5450 0.2355 0.0145 0.6899 0.5026
50 16
0.0000
0.7477 0.6241 0.3171 0.2747 0.5141 0.4968 0.7282 0.6726 0.0312 0.5647 0.5108 0.5461 0.3261 0.8208 0.7758 0.0233 0.0487 0.3292 0.5331 0.1271 0.0571 0.8437 0.1170 0.5071 0.3484 0.5615 0.0456 0.7825 0.5751 0.6984 0.4481 0.4306 0.8312 0.4981 0.4996 0.8303 0.8743 0.3910 0.9029 0.9954 0.8654 0.3521 0.1011 0.0853 0.5973 0.0420 0.8554 0.0853 0.2172 0.3796
47 39
0.0202
0.9038 0.5113 0.3097 0.8658 0.0488 0.2098 0.6175 0.1910 0.8792 0.5950 0.8648 0.5123 0.5472 0.8242 0.1632 0.8321 0.7544 0.2841 0.0168 0.7898 0.3960 0.8568 0.8389 0.8326 0.2357 0.3830 0.9854 0.2866 0.0973 0.0214 0.9850 0.7078 0.7033 0.0647 0.2902 0.1947 0.6137 0.3416 0.4150 0.6508 0.7068 0.4797 0.2207 0.7643 0.4150 0.6663 0.1601
2 1
0.5000
0.5000 0.5000
48 47
12.4289
0.9503 0.8653 0.8538 0.1795 0.2933 0.2666 0.5372 0.2072 0.3693 0.7561 0.5929 0.6732 0.8806 0.5305 0.0112 0.6178 0.7730 0.5749 0.8133 0.7987 0.5781 0.7465 0.5805 0.2491 0.8798 0.8798 0.0359 0.6826 0.4919 0.3153 0.8916 0.4983 0.8857 0.1777 0.3162 0.4884 0.1682 0.0657 0.9157 0.2778 0.6512 0.1660 0.7526 0.0253 0.1593 0.2274 0.3881 0.9636
50 31
4.6544
0.7612 0.1420 0.5302 0.9843 0.9129 0.8537 0.5158 0.3746 0.6563 0.5056 0.5046 0.0155 0.1048 0.9356 0.0351 0.5142 0.6682 0.7342 0.2201 0.1409 0.6389 0.1127 0.0165 0.4980 0.1625 0.9215 0.6945 0.4537 0.8624 0.9062 0.3772 0.4845 0.7872 0.6509 0.9365 0.9070 0.7185 0.6732 0.5001 0.2673 0.1467 0.0827 0.6655 0.2673 0.6782 0.2619 0.1684 0.7117 0.4115 0.3238
47 29
0.0071
0.2218 0.7285 0.3944 0.4165 0.6127 0.1192 0.6808 0.4464 0.7854 0.2839 0.2831 0.3695 0.6916 0.3422 0.2584 0.9746 0.8193 0.9530 0.7899 0.6174 0.7725 0.2452 0.8431 0.4832 0.4346 0.4491 0.1591 0.7953 0.7027 0.9096 0.4061 0.9387 0.4223 0.1459 0.9145 0.1479 0.6536 0.4888 0.5247 0.8942 0.4122 0.9263 0.7071 0.5166 0.9603 0.3738 0.9383
1 1
0.5000
0.5000
50 50
50.0000
0.0000 0.0000 0.0000 0.0000 0.0000 0.0000 0.0000 0.0000 0.0000 0.0000 0.0000 0.0000 0.0000 0.0000 0.0000 0.0000 0.0000 0.0000 0.0000 0.0000 0.0000 0.0000 0.0000 0.0000 0.0000 0.0000 0.0000 0.0000 0.0000 0.0000 0.0000 0.0000 0.0000 0.0000 0.0000 0.0000 0.0000 0.0000 0.0000 0.0000 0.0000 0.0000 0.0000 0.0000 0.0000 0.0000 0.0000 0.0000 0.0000 0.0000
47 32
0.0155
0.5133 0.0555 0.2620 0.5970 0.7787 0.9382 0.4730 0.8339 0.5575 0.3594 0.1746 0.5924 0.0826 0.1778 0.0418 0.5621 0.8942 0.0677 0.9347 0.8189 0.4720 0.4958 0.6769 0.4006 0.3663 0.9198 0.2023 0.7562 0.1103 0.7238 0.3912 0.9353 0.0984 0.4517 0.3253 0.5366 0.0123 0.7065 0.8613 0.7223 0.0603 0.2632 0.3175 0.2087 0.4991 0.9396 0.9261
2 1
0.3333
0.5000 0.5000
50 12
0.0140
0.6786 0.6915 0.4039 0.0110 0.3854 0.5383 0.4701 0.6258 0.9626 0.8019 0.3726 0.9506 0.7870 0.7251 0.3574 0.4406 0.3693 0.3854 0.8637 0.9156 0.2094 0.4432 0.3480 0.4255 0.5393 0.4591 0.0324 0.9107 0.8211 0.2404 0.8339 0.0215 0.3372 0.5414 0.4361 0.3653 0.0966 0.4883 0.0678 0.0345 0.5755 0.1015 0.4076 0.4382 0.2133 0.0798 0.3440 0.5286 0.4693 0.3474
49 27
2.2603
0.2368 0.4795 0.3106 0.7064 0.2235 0.5347 0.8354 0.2869 0.2062 0.7481 0.7001 0.7932 0.6942 0.6873 0.2831 0.5165 0.1762 0.4606 0.0739 0.3545 0.5337 0.5154 0.7694 0.4379 0.1679 0.7961 0.5095 0.3850 0.7444 0.4266 0.4581 0.8491 0.6125 0.5509 0.0706 0.1329 0.1160 0.2017 0.8561 0.8378 0.7809 0.5352 0.9229 0.0852 0.4856 0.6047 0.8691 0.6857 0.7213
50 25
1.0000
0.3333 0.3333 0.3333 0.3333 0.3333 0.3333 0.3333 0.3333 0.3333 0.3333 0.3333 0.3333 0.3333 0.3333 0.3333 0.3333 0.3333 0.3333 0.3333 0.3333 0.3333 0.3333 0.3333 0.3333 0.3333 0.3333 0.3333 0.3333 0.3333 0.3333 0.3333 0.3333 0.3333 0.3333 0.3333 0.3333 0.3333 0.3333 0.3333 0.3333 0.3333 0.3333 0.3333 0.3333 0.3333 0.3333 0.3333 0.3333 0.3333 0.3333
50 50
0.0049
0.9999 0.9999 0.9999 0.9999 0.9999 0.9999 0.9999 0.9999 0.9999 0.9999 0.9999 0.9999 0.9999 0.9999 0.9999 0.9999 0.9999 0.9999 0.9999 0.9999 0.9999 0.9999 0.9999 0.9999 0.9999 0.9999 0.9999 0.9999 0.9999 0.9999 0.9999 0.9999 0.9999 0.9999 0.9999 0.9999 0.9999 0.9999 0.9999 0.9999 0.9999 0.9999 0.9999 0.9999 0.9999 0.9999 0.9999 0.9999 0.9999 0.9999
1 1
0.3333
0.5000
47 21
0.0225
0.7750 0.3007 0.2599 0.5112 0.8052 0.9447 0.2184 0.4181 0.5399 0.6593 0.2482 0.1999 0.7716 0.8168 0.0302 0.9170 0.7857 0.5262 0.9082 0.8410 0.0495 0.1120 0.2817 0.0302 0.9361 0.5007 0.8573 0.0015 0.4905 0.4388 0.4319 0.0287 0.4998 0.8900 0.4039 0.6075 0.4264 0.0247 0.1813 0.2305 0.7890 0.4048 0.6476 0.4392 0.8104 0.6759 0.3181
47 26
2.2784
0.1277 0.2816 0.8278 0.9917 0.1902 0.8156 0.2346 0.0708 0.9770 0.4354 0.5519 0.8489 0.6562 0.1539 0.1427 0.6483 0.8840 0.6852 0.6641 0.3084 0.6587 0.1259 0.9056 0.1637 0.0239 0.4923 0.9963 0.8193 0.1005 0.3204 0.1370 0.3364 0.4495 0.6506 0.3635 0.8419 0.7958 0.7511 0.3553 0.1664 0.1305 0.7939 0.9460 0.9042 0.7586 0.1028 0.5550
50 50
0.0000
0.8700 0.8700 0.8700 0.8700 0.8700 0.8700 0.8700 0.8700 0.8700 0.8700 0.8700 0.8700 0.8700 0.8700 0.8700 0.8700 0.8700 0.8700 0.8700 0.8700 0.8700 0.8700 0.8700 0.8700 0.8700 0.8700 0.8700 0.8700 0.8700 0.8700 0.8700 0.8700 0.8700 0.8700 0.8700 0.8700 0.8700 0.8700 0.8700 0.8700 0.8700 0.8700 0.8700 0.8700 0.8700 0.8700 0.8700 0.8700 0.8700 0.8700
49 32
0.0165
0.4236 0.2484 0.9102 0.2086 0.7684 0.0186 0.0886 0.3130 0.4363 0.1668 0.3279 0.8127 0.5113 0.4246 0.2849 0.5447 0.0113 0.1658 0.0108 0.8760 0.1159 0.1200 0.6335 0.4455 0.2984 0.8977 0.1635 0.6416 0.4060 0.1071 0.2773 0.7673 0.6674 0.3079 0.1822 0.3654 0.6255 0.3377 0.4473 0.2194 0.9235 0.8175 0.0617 0.7316 0.5232 0.0231 0.0931 0.2226 0.6798
50 1
50.0000
0.0000 0.0000 0.0000 0.0000 0.0000 0.0000 0.0000 0.0000 0.0000 0.0000 0.0000 0.0000 0.0000 0.0000 0.0000 0.0000 0.0000 0.0000 0.0000 0.0000 0.0000 0.0000 0.0000 0.0000 0.0000 0.0000 0.0000 0.0000 0.0000 0.0000 0.0000 0.0000 0.0000 0.0000 0.0000 0.0000 0.0000 0.0000 0.0000 0.0000 0.0000 0.0000 0.0000 0.0000 0.0000 0.0000 0.0000 0.0000 0.0000 0.0000
47 17
0.0013
0.3552 0.9208 0.5374 0.7489 0.1981 0.5348 0.1429 0.4784 0.9680 0.2449 0.1386 0.6514 0.9231 0.5872 0.6081 0.0356 0.1545 0.0315 0.0264 0.2324 0.6865 0.9022 0.5068 0.2888 0.2897 0.3408 0.7266 0.2030 0.3434 0.0207 0.1765 0.3890 0.2346 0.4596 0.0224 0.3440 0.3065 0.8449 0.1918 0.9753 0.6070 0.3790 0.9295 0.6329 0.4335 0.9598 0.5174
50 30
0.0165
0.3713 0.6107 0.4742 0.3750 0.1071 0.3109 0.4687 0.0133 0.7282 0.3382 0.1937 0.1172 0.7626 0.6202 0.3243 0.7045 0.5534 0.7908 0.1732 0.2803 0.8362 0.4375 0.9657 0.9725 0.4598 0.6627 0.5897 0.2797 0.5007 0.7993 0.0276 0.1790 0.7375 0.5174 0.5093 0.9736 0.0976 0.0089 0.5488 0.2527 0.2266 0.4022 0.7465 0.4589 0.3575 0.7721 0.2674 0.4619 0.2911 0.6030
47 26
0.5837
0.9918 0.1213 0.7335 0.7741 0.4740 0.6586 0.2637 0.1457 0.8463 0.3950 0.2756 0.7999 0.9137 0.7167 0.7012 0.6131 0.8738 0.0304 0.5064 0.1291 0.8283 0.3154 0.5603 0.4096 0.4186 0.3682 0.3793 0.0343 0.0082 0.9160 0.5026 0.8867 0.6696 0.8003 0.3602 0.5956 0.4499 0.6248 0.7619 0.5373 0.8177 0.7970 0.6048 0.2976 0.5646 0.8207 0.2916
49 18
0.0149
0.1503 0.0771 0.3876 0.7676 0.0239 0.9278 0.8774 0.5878 0.6450 0.7961 0.9214 0.6437 0.2963 0.0363 0.1440 0.0196 0.9034 0.9936 0.7768 0.8229 0.5889 0.0415 0.3765 0.7105 0.1376 0.8363 0.8263 0.4724 0.8096 0.4490 0.4007 0.5149 0.7363 0.7272 0.3729 0.4612 0.7209 0.1196 0.8582 0.4240 0.8219 0.9505 0.2979 0.8016 0.3856 0.0938 0.1864 0.2206 0.6723
50 9
0.0152
0.7606 0.9161 0.8421 0.2569 0.1760 0.0001 0.3956 0.3547 0.3479 0.2963 0.4833 0.8481 0.8620 0.5625 0.4340 0.4100 0.6526 0.8503 0.6988 0.6258 0.6780 0.1994 0.6935 0.7320 0.1084 0.8422 0.6149 0.4602 0.3898 0.7769 0.9270 0.9836 0.9115 0.3468 0.2113 0.4996 0.5024 0.8544 0.7862 0.8639 0.1927 0.1602 0.5656 0.6280 0.8845 0.3632 0.6760 0.5715 0.0495 0.7705
48 23
0.0079
0.4863 0.9103 0.2680 0.3665 0.1853 0.0955 0.7155 0.6125 0.7552 0.2458 0.1519 0.3289 0.0691 0.4653 0.1423 0.0592 0.5669 0.1372 0.2760 0.1904 0.2112 0.1136 0.9440 0.7055 0.1780 0.2501 0.6160 0.3499 0.6918 0.6181 0.5898 0.7291 0.0716 0.0708 0.5171 0.4614 0.3075 0.7527 0.0950 0.6260 0.1203 0.4811 0.7331 0.5957 0.4808 0.9108 0.1178 0.5820
45 34
8.4985
0.4116 0.8508 0.9709 0.9719 0.9486 0.6092 0.0227 0.8142 0.2886 0.1016 0.1430 0.3424 0.2963 0.7185 0.4571 0.5666 0.4289 0.7082 0.3057 0.5136 0.7812 0.2462 0.6735 0.1153 0.7628 0.7246 0.4834 0.5399 0.0507 0.2277 0.7403 0.1994 0.8404 0.6727 0.3241 0.8122 0.5283 0.7297 0.4404 0.4901 0.8594 0.9281 0.6071 0.2476 0.9384
48 9
0.0049
0.2406 0.6094 0.1355 0.2629 0.2232 0.8647 0.2003 0.5455 0.4411 0.2835 0.8523 0.4165 0.8519 0.5291 0.0575 0.3760 0.9091 0.3922 0.8289 0.0000 0.2570 0.0873 0.4835 0.6436 0.2351 0.1918 0.0652 0.4588 0.6122 0.1440 0.1651 0.2811 0.6530 0.4740 0.7450 0.9187 0.9400 0.2966 0.1253 0.7648 0.2703 0.7444 0.0946 0.1803 0.7325 0.0799 0.5340 0.9794
